2010/06/16 12:00:00  14 2
 0.  32.6808319
-10.  32.6815491
-14.  32.6830139
-20.  32.6852112
-25.  32.6855545
-30.  32.6886215
-37.  32.6913338
-45.  32.6998558
-60.  32.7118568
-80.  32.8098297
-100.  33.1091385
-120.  33.5671730
-150.  33.7315178
-200.  33.7825851
2010/07/16 12:00:00  14 2
 0.  32.6686134
-10.  32.6706429
-14.  32.6751732
-20.  32.6819687
-25.  32.6810646
-30.  32.6822281
-37.  32.6852875
-45.  32.6941605
-60.  32.7163277
-80.  32.7852554
-100.  33.0673180
-120.  33.5233841
-150.  33.7303238
-200.  33.7814789
2010/08/16 12:00:00  14 2
 0.  32.6145172
-10.  32.6083870
-14.  32.6113167
-20.  32.6157112
-25.  32.6318398
-30.  32.6573868
-37.  32.6833229
-45.  32.6987724
-60.  32.7393570
-80.  32.8134232
-100.  32.9966125
-120.  33.4475822
-150.  33.7212944
-200.  33.7769012
2010/09/16 12:00:00  14 2
 0.  32.5646324
-10.  32.5626984
-14.  32.5615402
-20.  32.5598030
-25.  32.5566025
-30.  32.5635643
-37.  32.6107330
-45.  32.6735001
-60.  32.7378998
-80.  32.8074684
-100.  33.0139961
-120.  33.4284019
-150.  33.7153702
-200.  33.7805672
2010/10/16 12:00:00  14 2
 0.  32.5671654
-10.  32.5686150
-14.  32.5691063
-20.  32.5698433
-25.  32.5711327
-30.  32.5701332
-37.  32.5724831
-45.  32.5697136
-60.  32.6383896
-80.  32.8153534
-100.  33.0737419
-120.  33.4734535
-150.  33.7137413
-200.  33.7864571
2010/11/16 12:00:00  14 2
 0.  32.6098671
-10.  32.6079979
-14.  32.6082130
-20.  32.6085358
-25.  32.6096306
-30.  32.6090317
-37.  32.6115990
-45.  32.6113052
-60.  32.6114044
-80.  32.7527695
-100.  33.2298660
-120.  33.5558662
-150.  33.7235680
-200.  33.8040962
2010/12/16 12:00:00  14 2
 0.  32.6283188
-10.  32.6253242
-14.  32.6257484
-20.  32.6263847
-25.  32.6279030
-30.  32.6281319
-37.  32.6312523
-45.  32.6320992
-60.  32.6333237
-80.  32.6485481
-100.  33.3022537
-120.  33.6141853
-150.  33.7349014
-200.  33.8064880
2011/01/16 12:00:00  14 2
 0.  32.6337738
-10.  32.6296463
-14.  32.6302277
-20.  32.6310997
-25.  32.6325150
-30.  32.6336746
-37.  32.6367073
-45.  32.6381912
-60.  32.6389618
-80.  32.6620293
-100.  33.3383217
-120.  33.6590919
-150.  33.7495766
-200.  33.8082581
2011/02/15 12:00:00  14 2
 0.  32.6590385
-10.  32.6560326
-14.  32.6565468
-20.  32.6573181
-25.  32.6582832
-30.  32.6595039
-37.  32.6618881
-45.  32.6634636
-60.  32.6632881
-80.  32.6914978
-100.  33.3928947
-120.  33.6934280
-150.  33.7571449
-200.  33.8107491
2011/03/16 12:00:00  14 2
 0.  32.7242928
-10.  32.7220039
-14.  32.7224800
-20.  32.7231941
-25.  32.7237778
-30.  32.7259750
-37.  32.7276764
-45.  32.7289734
-60.  32.7260971
-80.  32.7294540
-100.  33.0033531
-120.  33.6558723
-150.  33.7528648
-200.  33.8040314
2011/04/16 12:00:00  14 2
 0.  32.7446365
-10.  32.7409325
-14.  32.7411201
-20.  32.7414017
-25.  32.7417336
-30.  32.7444000
-37.  32.7459297
-45.  32.7477989
-60.  32.7453957
-80.  32.7489357
-100.  32.9503670
-120.  33.6504631
-150.  33.7504692
-200.  33.8086967
2011/05/16 12:00:00  14 2
 0.  32.7118988
-10.  32.7086792
-14.  32.7095810
-20.  32.7109337
-25.  32.7111320
-30.  32.7141647
-37.  32.7165146
-45.  32.7191315
-60.  32.7213211
-80.  32.7495155
-100.  32.8699646
-120.  33.5786438
-150.  33.7395782
-200.  33.7963562
2011/06/16 12:00:00  14 2
 0.  32.6800995
-10.  32.6788025
-14.  32.6814682
-20.  32.6854668
-25.  32.6853294
-30.  32.6859016
-37.  32.6920013
-45.  32.7074661
-60.  32.7390366
-80.  32.7744331
-100.  32.8601685
-120.  33.4623299
-150.  33.7229042
-200.  33.7905006
2011/07/16 12:00:00  14 2
 0.  32.6367416
-10.  32.6401939
-14.  32.6408775
-20.  32.6419029
-25.  32.6365471
-30.  32.6277084
-37.  32.6518059
-45.  32.7158432
-60.  32.7597694
-80.  32.8030663
-100.  32.8642578
-120.  33.3529320
-150.  33.7182274
-200.  33.7787056
2011/08/16 12:00:00  14 2
 0.  32.5519714
-10.  32.5541916
-14.  32.5606705
-20.  32.5703888
-25.  32.5764465
-30.  32.5890007
-37.  32.6388702
-45.  32.7096405
-60.  32.7530670
-80.  32.7930641
-100.  32.8201981
-120.  33.1127434
-150.  33.6932907
-200.  33.7721901
2011/09/16 12:00:00  14 2
 0.  32.4937019
-10.  32.4951324
-14.  32.4947342
-20.  32.4941368
-25.  32.4914017
-30.  32.4902382
-37.  32.5004005
-45.  32.6316338
-60.  32.7379036
-80.  32.7931976
-100.  32.7991638
-120.  32.9055023
-150.  33.6056328
-200.  33.7547684
2011/10/16 12:00:00  14 2
 0.  32.4908714
-10.  32.4923248
-14.  32.4915497
-20.  32.4903870
-25.  32.4885788
-30.  32.4880943
-37.  32.4868050
-45.  32.4859734
-60.  32.7191925
-80.  32.8048363
-100.  32.8058357
-120.  32.8669662
-150.  33.5445824
-200.  33.7463531
2011/11/16 12:00:00  14 2
 0.  32.5792007
-10.  32.5672264
-14.  32.5713371
-20.  32.5775032
-25.  32.5765305
-30.  32.5765648
-37.  32.5764694
-45.  32.5790977
-60.  32.5827065
-80.  32.7116661
-100.  32.8141975
-120.  32.8624344
-150.  33.4264984
-200.  33.7395363
2011/12/16 12:00:00  14 2
 0.  32.6328354
-10.  32.6323528
-14.  32.6321598
-20.  32.6318703
-25.  32.6311569
-30.  32.6315117
-37.  32.6314812
-45.  32.6340370
-60.  32.6336403
-80.  32.6390686
-100.  32.7605133
-120.  32.8570671
-150.  33.3720627
-200.  33.7231255
2012/01/16 12:00:00  14 2
 0.  32.6810951
-10.  32.6808250
-14.  32.6807170
-20.  32.6805550
-25.  32.6804199
-30.  32.6807709
-37.  32.6808357
-45.  32.6828117
-60.  32.6819344
-80.  32.6855125
-100.  32.7398701
-120.  32.7942276
-150.  33.4599380
-200.  33.7289009
2012/02/15 12:00:00  14 2
 0.  32.6886559
-10.  32.6886284
-14.  32.6886174
-20.  32.6886009
-25.  32.6885872
-30.  32.6894836
-37.  32.6895180
-45.  32.6910706
-60.  32.6900368
-80.  32.6932373
-100.  32.7081337
-120.  32.7230301
-150.  33.4892387
-200.  33.7344131
2012/03/16 12:00:00  14 2
 0.  32.7016449
-10.  32.7020462
-14.  32.7022067
-20.  32.7024475
-25.  32.7026482
-30.  32.7037773
-37.  32.7037468
-45.  32.7048683
-60.  32.7041359
-80.  32.7079048
-100.  32.7176495
-120.  32.7273941
-150.  33.4864540
-200.  33.7384834
2012/04/16 12:00:00  14 2
 0.  32.7101059
-10.  32.7110245
-14.  32.7113919
-20.  32.7119431
-25.  32.7124023
-30.  32.7139320
-37.  32.7144966
-45.  32.7150345
-60.  32.7144966
-80.  32.7190666
-100.  32.7910671
-120.  32.8630676
-150.  33.6008377
-200.  33.7433319
2012/05/16 12:00:00  14 2
 0.  32.6996460
-10.  32.7003815
-14.  32.7006757
-20.  32.7011169
-25.  32.7014847
-30.  32.7032280
-37.  32.7031975
-45.  32.7042542
-60.  32.7080002
-80.  32.7205467
-100.  32.8780956
-120.  33.0356445
-150.  33.6298370
-200.  33.7494888
2012/06/16 12:00:00  14 2
 0.  32.6784325
-10.  32.6670990
-14.  32.6652756
-20.  32.6625404
-25.  32.6706963
-30.  32.6725349
-37.  32.6727676
-45.  32.6892014
-60.  32.7153358
-80.  32.7266655
-100.  32.7734261
-120.  33.1523972
-150.  33.6475945
-200.  33.7546959
2012/07/16 12:00:00  14 2
 0.  32.6377716
-10.  32.6316185
-14.  32.6298210
-20.  32.6271248
-25.  32.6293564
-30.  32.6306114
-37.  32.6454163
-45.  32.6687737
-60.  32.7054520
-80.  32.7259369
-100.  32.7904167
-120.  33.1937714
-150.  33.6440315
-200.  33.7539024
2012/08/16 12:00:00  14 2
 0.  32.5917740
-10.  32.5871010
-14.  32.5857964
-20.  32.5838394
-25.  32.5854187
-30.  32.5927391
-37.  32.6248665
-45.  32.6601906
-60.  32.6949654
-80.  32.7268105
-100.  32.7960320
-120.  33.1595192
-150.  33.6395531
-200.  33.7534523
2012/09/16 12:00:00  14 2
 0.  32.5453682
-10.  32.5491600
-14.  32.5422005
-20.  32.5317612
-25.  32.5392990
-30.  32.5230293
-37.  32.5400696
-45.  32.6198616
-60.  32.6946335
-80.  32.7298279
-100.  32.7623024
-120.  32.8931999
-150.  33.5344276
-200.  33.7394981
2012/10/16 12:00:00  14 2
 0.  32.4826431
-10.  32.4940605
-14.  32.4869926
-20.  32.4763908
-25.  32.4895134
-30.  32.4917755
-37.  32.4893570
-45.  32.4914513
-60.  32.6558075
-80.  32.7189636
-100.  32.7410622
-120.  32.7965126
-150.  33.3341599
-200.  33.7430611
2012/11/16 12:00:00  14 2
 0.  32.5101967
-10.  32.5130653
-14.  32.5142128
-20.  32.5159340
-25.  32.5260315
-30.  32.5270004
-37.  32.5220299
-45.  32.5239334
-60.  32.5218010
-80.  32.6914330
-100.  32.7303696
-120.  32.8045311
-150.  33.3321686
-200.  33.7410698
2012/12/16 12:00:00  14 2
 0.  32.5580673
-10.  32.5627918
-14.  32.5646816
-20.  32.5675163
-25.  32.5764503
-30.  32.5771637
-37.  32.5720024
-45.  32.5739365
-60.  32.5736122
-80.  32.6339989
-100.  32.6945152
-120.  32.8937454
-150.  33.4564209
-200.  33.7433891
2013/01/16 12:00:00  14 2
 0.  32.6158066
-10.  32.6193867
-14.  32.6208187
-20.  32.6229668
-25.  32.6317101
-30.  32.6329308
-37.  32.6281586
-45.  32.6307716
-60.  32.6321297
-80.  32.6322556
-100.  32.6454163
-120.  32.8199692
-150.  33.4617081
-200.  33.7357407
2013/02/15 12:00:00  14 2
 0.  32.6111755
-10.  32.6161232
-14.  32.6181023
-20.  32.6210709
-25.  32.6286049
-30.  32.6295738
-37.  32.6241760
-45.  32.6266785
-60.  32.6276779
-80.  32.6299973
-100.  32.6591797
-120.  32.9108543
-150.  33.5336418
-200.  33.7491074
2013/03/16 12:00:00  14 2
 0.  32.6304855
-10.  32.6346302
-14.  32.6362881
-20.  32.6387749
-25.  32.6456451
-30.  32.6467438
-37.  32.6412888
-45.  32.6443863
-60.  32.6454506
-80.  32.6467781
-100.  32.6608009
-120.  32.7381935
-150.  33.4841576
-200.  33.7358704
2013/04/16 12:00:00  14 2
 0.  32.5920029
-10.  32.5974007
-14.  32.5995598
-20.  32.6027985
-25.  32.6093636
-30.  32.6103668
-37.  32.6084328
-45.  32.6142311
-60.  32.6218033
-80.  32.6313667
-100.  32.6652336
-120.  32.8027000
-150.  33.4504356
-200.  33.7277336
2013/05/16 12:00:00  14 2
 0.  32.5309639
-10.  32.5380936
-14.  32.5409454
-20.  32.5452232
-25.  32.5505524
-30.  32.5488396
-37.  32.5556755
-45.  32.5828400
-60.  32.6068687
-80.  32.6223602
-100.  32.6595459
-120.  32.7735443
-150.  33.3802910
-200.  33.7253227
2013/06/16 12:00:00  14 2
 0.  32.4997673
-10.  32.5078335
-14.  32.5110600
-20.  32.5158997
-25.  32.5163307
-30.  32.5191612
-37.  32.5188255
-45.  32.5362968
-60.  32.5938683
-80.  32.6216164
-100.  32.6804962
-120.  32.9057388
-150.  33.4797020
-200.  33.7347336
2013/07/16 12:00:00  14 2
 0.  32.4836769
-10.  32.4843254
-14.  32.4872002
-20.  32.4915123
-25.  32.4685211
-30.  32.4882889
-37.  32.5097580
-45.  32.5342941
-60.  32.5956764
-80.  32.6071281
-100.  32.6469002
-120.  32.8637085
-150.  33.4539032
-200.  33.7299042
2013/08/16 12:00:00  14 2
 0.  32.3719025
-10.  32.3775177
-14.  32.3927414
-20.  32.4155769
-25.  32.4118996
-30.  32.4911308
-37.  32.5077916
-45.  32.5268326
-60.  32.5874901
-80.  32.6107101
-100.  32.6632271
-120.  32.8560638
-150.  33.4343910
-200.  33.7294884
2013/09/16 12:00:00  14 2
 0.  32.3586349
-10.  32.3643036
-14.  32.3661026
-20.  32.3688011
-25.  32.3575058
-30.  32.4160347
-37.  32.4501467
-45.  32.4891319
-60.  32.5728951
-80.  32.6212311
-100.  32.6755371
-120.  32.9188309
-150.  33.5389977
-200.  33.7312393
2013/10/16 12:00:00  14 2
 0.  32.4317093
-10.  32.4385834
-14.  32.4382736
-20.  32.4378090
-25.  32.4398994
-30.  32.4410934
-37.  32.4426760
-45.  32.4444847
-60.  32.4589996
-80.  32.6251602
-100.  32.6551933
-120.  32.7978401
-150.  33.3906479
-200.  33.7087746
2013/11/16 12:00:00  14 2
 0.  32.4220657
-10.  32.4253693
-14.  32.4242630
-20.  32.4226036
-25.  32.4244347
-30.  32.4246712
-37.  32.4243116
-45.  32.4239006
-60.  32.4265327
-80.  32.5987625
-100.  32.6512337
-120.  32.7456703
-150.  33.2691383
-200.  33.6731949
2013/12/16 12:00:00  14 2
 0.  32.4570999
-10.  32.4624519
-14.  32.4615883
-20.  32.4602928
-25.  32.4622574
-30.  32.4624863
-37.  32.4620181
-45.  32.4614830
-60.  32.4604836
-80.  32.5070000
-100.  32.6607399
-120.  32.7442589
-150.  33.2291985
-200.  33.6829681
2014/01/16 12:00:00  14 2
 0.  32.4352913
-10.  32.4458694
-14.  32.4453934
-20.  32.4446793
-25.  32.4463501
-30.  32.4467125
-37.  32.4465309
-45.  32.4463234
-60.  32.4454536
-80.  32.4548721
-100.  32.6025162
-120.  32.7816124
-150.  33.2359657
-200.  33.6648331
2014/02/15 12:00:00  14 2
 0.  32.4226799
-10.  32.4350014
-14.  32.4348152
-20.  32.4345360
-25.  32.4351730
-30.  32.4355316
-37.  32.4347519
-45.  32.4338608
-60.  32.4320412
-80.  32.4350014
-100.  32.5542488
-120.  32.7699623
-150.  33.2242508
-200.  33.7114983
2014/03/16 12:00:00  14 2
 0.  32.4319305
-10.  32.4372597
-14.  32.4376976
-20.  32.4383545
-25.  32.4378357
-30.  32.4385452
-37.  32.4377210
-45.  32.4367790
-60.  32.4354820
-80.  32.4391632
-100.  32.5636101
-120.  32.8527107
-150.  33.3091660
-200.  33.7103844
2014/04/16 12:00:00  14 2
 0.  32.4166183
-10.  32.4233704
-14.  32.4239410
-20.  32.4247971
-25.  32.4249687
-30.  32.4259338
-37.  32.4254372
-45.  32.4248695
-60.  32.4245300
-80.  32.4330025
-100.  32.5989990
-120.  32.9437981
-150.  33.4012642
-200.  33.7059975
2014/05/16 12:00:00  14 2
 0.  32.3921355
-10.  32.4189682
-14.  32.4237030
-20.  32.4308052
-25.  32.4350929
-30.  32.4412575
-37.  32.4460444
-45.  32.4515152
-60.  32.4598732
-80.  32.4937401
-100.  32.8307076
-120.  33.2099075
-150.  33.5808411
-200.  33.7233238
2014/06/16 12:00:00  14 2
 0.  32.3668365
-10.  32.3681679
-14.  32.3672081
-20.  32.3657684
-25.  32.3684349
-30.  32.3705635
-37.  32.4086792
-45.  32.4522400
-60.  32.4765663
-80.  32.5380020
-100.  32.8774338
-120.  33.2281685
-150.  33.6031952
-200.  33.7294006
2014/07/16 12:00:00  14 2
 0.  32.3412895
-10.  32.3360291
-14.  32.3360062
-20.  32.3359718
-25.  32.3382225
-30.  32.3352928
-37.  32.3743553
-45.  32.4643593
-60.  32.5104179
-80.  32.5611000
-100.  32.8733902
-120.  33.2156105
-150.  33.5772247
-200.  33.7301598
2014/08/16 12:00:00  14 2
 0.  32.3128090
-10.  32.3108368
-14.  32.3103989
-20.  32.3097420
-25.  32.3070335
-30.  32.3040962
-37.  32.3614502
-45.  32.4415169
-60.  32.4916763
-80.  32.5662575
-100.  32.7903214
-120.  33.1378059
-150.  33.5170364
-200.  33.7141953
2014/09/16 12:00:00  14 2
 0.  32.3331032
-10.  32.3323021
-14.  32.3317940
-20.  32.3310318
-25.  32.3338661
-30.  32.3314323
-37.  32.3330650
-45.  32.4744987
-60.  32.5449333
-80.  32.6242294
-100.  32.8565025
-120.  33.1929359
-150.  33.5398674
-200.  33.7120323
2014/10/16 12:00:00  14 2
 0.  32.3674202
-10.  32.3674812
-14.  32.3663994
-20.  32.3647766
-25.  32.3646126
-30.  32.3667374
-37.  32.3665810
-45.  32.4372809
-60.  32.5698433
-80.  32.6770325
-100.  32.8980293
-120.  33.2192879
-150.  33.5467758
-200.  33.7078743
2014/11/16 12:00:00  14 2
 0.  32.4238358
-10.  32.4256973
-14.  32.4252182
-20.  32.4244995
-25.  32.4242287
-30.  32.4273338
-37.  32.4280968
-45.  32.4422317
-60.  32.4687347
-80.  32.7764969
-100.  33.0159340
-120.  33.2884331
-150.  33.5640984
-200.  33.7125320
2014/12/16 12:00:00  14 2
 0.  32.4681625
-10.  32.4718399
-14.  32.4718796
-20.  32.4719391
-25.  32.4716454
-30.  32.4752922
-37.  32.4762268
-45.  32.4853582
-60.  32.5024796
-80.  32.8766098
-100.  33.1812592
-120.  33.4150925
-150.  33.6111603
-200.  33.7224464
2015/01/16 12:00:00  14 2
 0.  32.4825783
-10.  32.4853859
-14.  32.4854897
-20.  32.4856453
-25.  32.4844818
-30.  32.4877434
-37.  32.4877090
-45.  32.4881588
-60.  32.4890022
-80.  32.7683563
-100.  33.2543869
-120.  33.4897118
-150.  33.6464806
-200.  33.7455826
2015/02/15 12:00:00  14 2
 0.  32.5037575
-10.  32.5074234
-14.  32.5083099
-20.  32.5096397
-25.  32.5083580
-30.  32.5118942
-37.  32.5121803
-45.  32.5129499
-60.  32.5143929
-80.  32.6094627
-100.  33.2295341
-120.  33.4855728
-150.  33.6462860
-200.  33.7384682
2015/03/16 12:00:00  14 2
 0.  32.4994164
-10.  32.4971962
-14.  32.4980461
-20.  32.4993210
-25.  32.4979668
-30.  32.5019073
-37.  32.5024567
-45.  32.5068300
-60.  32.5150299
-80.  32.8341331
-100.  33.3609390
-120.  33.5490685
-150.  33.6740952
-200.  33.7526131
2015/04/16 12:00:00  14 2
 0.  32.5520325
-10.  32.5477638
-14.  32.5488304
-20.  32.5504303
-25.  32.5475960
-30.  32.5506630
-37.  32.5495338
-45.  32.5495232
-60.  32.5495033
-80.  32.6576309
-100.  33.3280296
-120.  33.5490685
-150.  33.6717644
-200.  33.7513657
2015/05/16 12:00:00  14 2
 0.  32.5573578
-10.  32.5500641
-14.  32.5559219
-20.  32.5647087
-25.  32.5646477
-30.  32.5687141
-37.  32.5712242
-45.  32.5758018
-60.  32.5843849
-80.  32.6649055
-100.  33.3516121
-120.  33.6398697
-150.  33.7088699
-200.  33.7630081
2015/06/16 12:00:00  14 2
 0.  32.5575294
-10.  32.5516624
-14.  32.5763359
-20.  32.5611992
-25.  32.5512314
-30.  32.5565033
-37.  32.5838699
-45.  32.6086655
-60.  32.6046638
-80.  32.6772995
-100.  33.4022675
-120.  33.6842308
-150.  33.7308044
-200.  33.7776337
2015/07/16 12:00:00  14 2
 0.  32.4879074
-10.  32.4863205
-14.  32.4928398
-20.  32.4984894
-25.  32.4824829
-30.  32.5022545
-37.  32.5523847
-45.  32.6096764
-60.  32.6182327
-80.  32.6728706
-100.  33.2734795
-120.  33.6631279
-150.  33.7487717
-200.  33.7840042
2015/08/16 12:00:00  14 2
 0.  32.3495178
-10.  32.3515282
-14.  32.3600922
-20.  32.3680267
-25.  32.3867760
-30.  32.4474182
-37.  32.5385373
-45.  32.6426735
-60.  32.6760635
-80.  32.7336769
-100.  33.0558357
-120.  33.5765762
-150.  33.7430992
-200.  33.7840652
2015/09/16 12:00:00  14 2
 0.  32.3686333
-10.  32.3717286
-14.  32.3729668
-20.  32.3708000
-25.  32.3695030
-30.  32.3671989
-37.  32.4323753
-45.  32.5068626
-60.  32.6404648
-80.  32.7367020
-100.  33.1452675
-120.  33.6059341
-150.  33.7526016
-200.  33.7983322
2015/10/16 12:00:00  14 2
 0.  32.4606133
-10.  32.4634470
-14.  32.4645805
-20.  32.4587746
-25.  32.4616814
-30.  32.4613876
-37.  32.4655266
-45.  32.4702568
-60.  32.6434517
-80.  32.7839928
-100.  33.0162582
-120.  33.5328751
-150.  33.7436485
-200.  33.7929039
2015/11/16 12:00:00  14 2
 0.  32.4972343
-10.  32.4981144
-14.  32.4984665
-20.  32.4925346
-25.  32.4944344
-30.  32.4942017
-37.  32.4945114
-45.  32.4948654
-60.  32.5115623
-80.  32.7604294
-100.  33.0348969
-120.  33.5564308
-150.  33.7498322
-200.  33.7886391
2015/12/16 12:00:00  14 2
 0.  32.5577469
-10.  32.5609267
-14.  32.5621986
-20.  32.5555191
-25.  32.5575142
-30.  32.5575142
-37.  32.5579824
-45.  32.5585175
-60.  32.5569992
-80.  32.6325493
-100.  32.9362259
-120.  33.4571609
-150.  33.7294846
-200.  33.7821312
2016/01/16 12:00:00  14 2
 0.  32.5959320
-10.  32.5993407
-14.  32.6007042
-20.  32.5935173
-25.  32.5955124
-30.  32.5955162
-37.  32.5960147
-45.  32.5965843
-60.  32.5947723
-80.  32.5975494
-100.  32.7128067
-120.  33.3304482
-150.  33.7074890
-200.  33.7767105
2016/02/15 12:00:00  14 2
 0.  32.6440735
-10.  32.6487983
-14.  32.6506882
-20.  32.6464157
-25.  32.6451759
-30.  32.6454811
-37.  32.6457392
-45.  32.6460342
-60.  32.6465874
-80.  32.6531029
-100.  32.8798943
-120.  33.5147972
-150.  33.7475204
-200.  33.8016548
2016/03/16 12:00:00  14 2
 0.  32.7096748
-10.  32.7138465
-14.  32.7155151
-20.  32.7196770
-25.  32.7093544
-30.  32.7096786
-37.  32.7096849
-45.  32.7096920
-60.  32.7097054
-80.  32.7136459
-100.  33.1036491
-120.  33.6640625
-150.  33.7779083
-200.  33.8267403
2016/04/16 12:00:00  14 2
 0.  32.7173004
-10.  32.7230879
-14.  32.7254028
-20.  32.7291031
-25.  32.7184677
-30.  32.7187996
-37.  32.7191565
-45.  32.7195644
-60.  32.7203293
-80.  32.7355652
-100.  33.0381660
-120.  33.6472321
-150.  33.7470360
-200.  33.8147659
2016/05/16 12:00:00  14 2
 0.  32.7223549
-10.  32.7283194
-14.  32.7307053
-20.  32.7317772
-25.  32.7239380
-30.  32.7249680
-37.  32.7251406
-45.  32.7253380
-60.  32.7257080
-80.  32.7535477
-100.  33.0067368
-120.  33.6363220
-150.  33.7362289
-200.  33.8019066
2016/06/16 12:00:00  14 2
 0.  32.6664810
-10.  32.6750314
-14.  32.6784515
-20.  32.6794777
-25.  32.6766891
-30.  32.6766167
-37.  32.6904408
-45.  32.7062397
-60.  32.7358627
-80.  32.7612419
-100.  32.9520378
-120.  33.6054153
-150.  33.7503090
-200.  33.7945518
2016/07/16 12:00:00  14 2
 0.  32.6174202
-10.  32.6219330
-14.  32.6245804
-20.  32.6243858
-25.  32.6295776
-30.  32.6187706
-37.  32.6447792
-45.  32.7152252
-60.  32.7476807
-80.  32.7743835
-100.  33.0885162
-120.  33.6624527
-150.  33.7602005
-200.  33.8092918
2016/08/16 12:00:00  14 2
 0.  32.5769730
-10.  32.5789032
-14.  32.5805473
-20.  32.5845451
-25.  32.5927429
-30.  32.5793839
-37.  32.6406517
-45.  32.7268372
-60.  32.7826385
-80.  32.8121910
-100.  33.1644478
-120.  33.6682930
-150.  33.7722244
-200.  33.8174858
2016/09/16 12:00:00  14 2
 0.  32.5489006
-10.  32.5501633
-14.  32.5502625
-20.  32.5522652
-25.  32.5485992
-30.  32.5326309
-37.  32.5520287
-45.  32.7238350
-60.  32.7773323
-80.  32.8181038
-100.  33.1963348
-120.  33.6530914
-150.  33.7695312
-200.  33.8142281
2016/10/16 12:00:00  14 2
 0.  32.5214806
-10.  32.5028343
-14.  32.5020943
-20.  32.5028763
-25.  32.5024605
-30.  32.5024261
-37.  32.4830971
-45.  32.6323242
-60.  32.7532539
-80.  32.8146477
-100.  33.2618675
-120.  33.6932564
-150.  33.7775497
-200.  33.8136749
2016/11/16 12:00:00  14 2
 0.  32.5061840
-10.  32.5476646
-14.  32.5477676
-20.  32.5477676
-25.  32.5457039
-30.  32.5498314
-37.  32.5440712
-45.  32.5568695
-60.  32.6168289
-80.  32.8085327
-100.  33.4004974
-120.  33.7311668
-150.  33.7819672
-200.  33.8202362
2016/12/16 12:00:00  14 2
 0.  32.4913809
-10.  32.6190948
-14.  32.6195488
-20.  32.6202545
-25.  32.6175652
-30.  32.6232262
-37.  32.6170006
-45.  32.6172819
-60.  32.6178093
-80.  32.6222267
-100.  32.9820328
-120.  33.6727753
-150.  33.7799072
-200.  33.8140640
2017/01/16 12:00:00  14 2
 0.  32.4760843
-10.  32.6958084
-14.  32.6960945
-20.  32.6960983
-25.  32.6896019
-30.  32.6989326
-37.  32.6922569
-45.  32.6925488
-60.  32.6930962
-80.  32.6931953
-100.  32.7289696
-120.  33.5693855
-150.  33.7875175
-200.  33.8149376
2017/02/15 12:00:00  14 2
 0.  32.4612812
-10.  32.7202835
-14.  32.7212181
-20.  32.7211113
-25.  32.7181549
-30.  32.7231789
-37.  32.7163963
-45.  32.7164826
-60.  32.7166443
-80.  32.7164993
-100.  32.7393227
-120.  33.4386406
-150.  33.8141060
-200.  33.8331108
2017/03/16 12:00:00  14 2
 0.  32.4469715
-10.  32.7023544
-14.  32.7031937
-20.  32.7026787
-25.  32.7047577
-30.  32.7068367
-37.  32.7011261
-45.  32.7032146
-60.  32.7071304
-80.  32.7124214
-100.  32.7298393
-120.  33.3391266
-150.  33.8182259
-200.  33.8386459
2017/04/16 12:00:00  14 2
 0.  32.4316750
-10.  32.6115646
-14.  32.6144676
-20.  32.6152649
-25.  32.6205006
-30.  32.6257362
-37.  32.6234360
-45.  32.6305996
-60.  32.6440315
-80.  32.6802330
-100.  32.8203316
-120.  33.4841957
-150.  33.8297653
-200.  33.8432045
2017/05/16 12:00:00  14 2
 0.  32.4168718
-10.  32.5597725
-14.  32.5627098
-20.  32.5637016
-25.  32.5699310
-30.  32.5761604
-37.  32.5878983
-45.  32.6118094
-60.  32.6566429
-80.  32.7446098
-100.  32.8101311
-120.  33.2667732
-150.  33.8236465
-200.  33.8433189
2017/06/16 12:00:00  14 2
 0.  32.4015753
-10.  32.4591980
-14.  32.4665031
-20.  32.4617691
-25.  32.4373779
-30.  32.4551659
-37.  32.4673996
-45.  32.4975624
-60.  32.5433388
-80.  32.5991974
-100.  32.9777069
-120.  33.6680641
-150.  33.8327713
-200.  33.8465385
2017/07/16 12:00:00  14 2
 0.  32.3867722
-10.  32.3878365
-14.  32.4003868
-20.  32.4018440
-25.  32.3979301
-30.  32.4068413
-37.  32.4239655
-45.  32.4789734
-60.  32.5287743
-80.  32.5947456
-100.  33.0141907
-120.  33.6852264
-150.  33.8297844
-200.  33.8488388
2017/08/16 12:00:00  14 2
 0.  32.3406143
-10.  32.3420334
-14.  32.3471298
-20.  32.3582268
-25.  32.3512230
-30.  32.3719673
-37.  32.4168701
-45.  32.4846497
-60.  32.5390663
-80.  32.6014175
-100.  32.8715172
-120.  33.4260025
-150.  33.7673874
-200.  33.8207703
2017/09/16 12:00:00  14 2
 0.  32.3602028
-10.  32.3585014
-14.  32.3557014
-20.  32.3646355
-25.  32.3620987
-30.  32.3410378
-37.  32.3649368
-45.  32.4848633
-60.  32.5566711
-80.  32.5917664
-100.  32.6912346
-120.  33.1802368
-150.  33.7041931
-200.  33.8048325
2017/10/16 12:00:00  14 2
 0.  32.3399467
-10.  32.3714218
-14.  32.3697357
-20.  32.3834877
-25.  32.3776436
-30.  32.3768082
-37.  32.3781281
-45.  32.3932953
-60.  32.5014877
-80.  32.5878067
-100.  32.6501274
-120.  33.0135765
-150.  33.6018181
-200.  33.7530327