2010/06/16 12:00:00  18 2
  -0.0000     7.8807
  -5.0000     8.1650
 -10.0000     7.7987
 -14.0000     7.9034
 -17.0000     7.9819
 -20.0000     7.6490
 -25.0000     7.5863
 -30.0000     7.5133
 -37.0000     7.5225
 -45.0000     7.2227
 -60.0000     6.9563
 -80.0000     5.6650
-100.0000     5.4250
-120.0000     5.2260
-150.0000     4.8407
-175.0000     4.5183
-200.0000     4.3127
-300.0000     3.9770
2010/07/16 12:00:00  18 2
  -0.0000    10.3400
  -5.0000    10.2132
 -10.0000    10.0352
 -14.0000     9.8711
 -17.0000     9.7481
 -20.0000     9.6726
 -25.0000     9.4506
 -30.0000     9.1742
 -37.0000     8.7052
 -45.0000     8.0881
 -60.0000     7.2826
 -80.0000     5.9861
-100.0000     5.3900
-120.0000     5.2226
-150.0000     4.8132
-175.0000     4.4958
-200.0000     4.2848
-300.0000     3.9584
2010/08/16 12:00:00  18 2
  -0.0000    13.8442
  -5.0000    13.7326
 -10.0000    13.5145
 -14.0000    12.9608
 -17.0000    12.5455
 -20.0000    12.0474
 -25.0000    10.8113
 -30.0000     9.8316
 -37.0000     9.0181
 -45.0000     8.3513
 -60.0000     7.3694
 -80.0000     6.3568
-100.0000     5.5023
-120.0000     5.2210
-150.0000     4.7223
-175.0000     4.4252
-200.0000     4.2294
-300.0000     3.9519
2010/09/16 12:00:00  18 2
  -0.0000    13.1937
  -5.0000    13.1903
 -10.0000    13.1833
 -14.0000    13.1719
 -17.0000    13.1633
 -20.0000    13.1173
 -25.0000    12.7173
 -30.0000    11.8537
 -37.0000    10.0577
 -45.0000     8.5983
 -60.0000     7.3093
 -80.0000     6.1760
-100.0000     5.3730
-120.0000     5.0117
-150.0000     4.6767
-175.0000     4.3930
-200.0000     4.2210
-300.0000     3.9753
2010/10/16 12:00:00  18 2
  -0.0000    10.2219
  -5.0000    10.2255
 -10.0000    10.2268
 -14.0000    10.2262
 -17.0000    10.2258
 -20.0000    10.2239
 -25.0000    10.2223
 -30.0000    10.2200
 -37.0000    10.2110
 -45.0000    10.0758
 -60.0000     8.4387
 -80.0000     6.1110
-100.0000     5.2981
-120.0000     5.0155
-150.0000     4.6935
-175.0000     4.4071
-200.0000     4.2281
-300.0000     3.9913
2010/11/16 12:00:00  18 2
  -0.0000     8.1410
  -5.0000     8.1443
 -10.0000     8.1460
 -14.0000     8.1466
 -17.0000     8.1470
 -20.0000     8.1470
 -25.0000     8.1477
 -30.0000     8.1477
 -37.0000     8.1477
 -45.0000     8.1483
 -60.0000     8.1310
 -80.0000     6.7647
-100.0000     5.2053
-120.0000     4.9110
-150.0000     4.5527
-175.0000     4.3177
-200.0000     4.1757
-300.0000     3.9750
2010/12/16 12:00:00  18 2
  -0.0000     6.9339
  -5.0000     6.9377
 -10.0000     6.9406
 -14.0000     6.9408
 -17.0000     6.9410
 -20.0000     6.9413
 -25.0000     6.9429
 -30.0000     6.9435
 -37.0000     6.9455
 -45.0000     6.9477
 -60.0000     6.9503
 -80.0000     6.9258
-100.0000     5.2642
-120.0000     4.8977
-150.0000     4.5042
-175.0000     4.2839
-200.0000     4.1490
-300.0000     3.9774
2011/01/16 12:00:00  18 2
  -0.0000     6.0335
  -5.0000     6.0355
 -10.0000     6.0361
 -14.0000     6.0365
 -17.0000     6.0368
 -20.0000     6.0371
 -25.0000     6.0374
 -30.0000     6.0377
 -37.0000     6.0390
 -45.0000     6.0406
 -60.0000     6.0426
 -80.0000     6.0300
-100.0000     5.2242
-120.0000     4.8397
-150.0000     4.4961
-175.0000     4.2632
-200.0000     4.1232
-300.0000     3.9568
2011/02/15 12:00:00  18 2
  -0.0000     5.7464
  -5.0000     5.7486
 -10.0000     5.7489
 -14.0000     5.7495
 -17.0000     5.7500
 -20.0000     5.7496
 -25.0000     5.7496
 -30.0000     5.7486
 -37.0000     5.7507
 -45.0000     5.7521
 -60.0000     5.7529
 -80.0000     5.7404
-100.0000     5.2021
-120.0000     4.8568
-150.0000     4.5054
-175.0000     4.2811
-200.0000     4.1425
-300.0000     3.9550
2011/03/16 12:00:00  18 2
  -0.0000     5.2952
  -5.0000     5.2952
 -10.0000     5.2939
 -14.0000     5.2922
 -17.0000     5.2910
 -20.0000     5.2900
 -25.0000     5.2881
 -30.0000     5.2858
 -37.0000     5.2842
 -45.0000     5.2816
 -60.0000     5.2784
 -80.0000     5.2735
-100.0000     5.2232
-120.0000     4.8910
-150.0000     4.5306
-175.0000     4.2903
-200.0000     4.1323
-300.0000     3.9668
2011/04/16 12:00:00  18 2
  -0.0000     5.6497
  -5.0000     5.6297
 -10.0000     5.6080
 -14.0000     5.5790
 -17.0000     5.5573
 -20.0000     5.5393
 -25.0000     5.5127
 -30.0000     5.4960
 -37.0000     5.4783
 -45.0000     5.4553
 -60.0000     5.4293
 -80.0000     5.4067
-100.0000     5.2607
-120.0000     4.8193
-150.0000     4.5020
-175.0000     4.2997
-200.0000     4.1793
-300.0000     3.9823
2011/05/16 12:00:00  18 2
  -0.0000     6.5190
  -5.0000     6.5019
 -10.0000     6.4810
 -14.0000     6.4692
 -17.0000     6.4603
 -20.0000     6.4545
 -25.0000     6.4374
 -30.0000     6.4194
 -37.0000     6.3761
 -45.0000     6.2942
 -60.0000     5.9594
 -80.0000     5.3971
-100.0000     5.1932
-120.0000     4.7903
-150.0000     4.4706
-175.0000     4.2597
-200.0000     4.1390
-300.0000     4.0613
2011/06/16 12:00:00  18 2
  -0.0000     8.3723
  -5.0000     8.3313
 -10.0000     8.2950
 -14.0000     8.6667
 -17.0000     8.3850
 -20.0000     8.1033
 -25.0000     7.9403
 -30.0000     7.7670
 -37.0000     7.3410
 -45.0000     6.7803
 -60.0000     5.8353
 -80.0000     5.1500
-100.0000     4.9740
-120.0000     4.8233
-150.0000     4.4497
-175.0000     4.2420
-200.0000     4.1377
-300.0000     4.0377
2011/07/16 12:00:00  18 2
  -0.0000    10.2819
  -5.0000    10.2623
 -10.0000    10.2110
 -14.0000    10.1826
 -17.0000    10.1569
 -20.0000    10.1313
 -25.0000    10.0600
 -30.0000     9.7397
 -37.0000     8.3235
 -45.0000     7.0055
 -60.0000     5.8774
 -80.0000     4.9306
-100.0000     4.7319
-120.0000     4.7068
-150.0000     4.4474
-175.0000     4.2087
-200.0000     4.0861
-300.0000     3.9932
2011/08/16 12:00:00  18 2
  -0.0000    12.8155
  -5.0000    12.7871
 -10.0000    12.7374
 -14.0000    12.6361
 -17.0000    12.4295
 -20.0000    12.2229
 -25.0000    11.8581
 -30.0000    11.1319
 -37.0000     9.0310
 -45.0000     7.2058
 -60.0000     5.9339
 -80.0000     4.7803
-100.0000     4.4645
-120.0000     4.4761
-150.0000     4.4342
-175.0000     4.2323
-200.0000     4.1035
-300.0000     4.0006
2011/09/16 12:00:00  18 2
  -0.0000    12.8343
  -5.0000    12.8290
 -10.0000    12.8257
 -14.0000    12.8230
 -17.0000    12.8193
 -20.0000    12.8157
 -25.0000    12.7813
 -30.0000    12.5743
 -37.0000    11.0323
 -45.0000     7.8250
 -60.0000     6.0597
 -80.0000     4.9460
-100.0000     4.5423
-120.0000     4.3763
-150.0000     4.4170
-175.0000     4.2423
-200.0000     4.0987
-300.0000     4.0023
2011/10/16 12:00:00  18 2
  -0.0000    10.8026
  -5.0000    10.8029
 -10.0000    10.8039
 -14.0000    10.8039
 -17.0000    10.8040
 -20.0000    10.8042
 -25.0000    10.8029
 -30.0000    10.8032
 -37.0000    10.7900
 -45.0000    10.0239
 -60.0000     6.3165
 -80.0000     5.1558
-100.0000     4.6787
-120.0000     4.3881
-150.0000     4.4000
-175.0000     4.2626
-200.0000     4.0958
-300.0000     3.9632
2011/11/16 12:00:00  18 2
  -0.0000     8.2820
  -5.0000     8.2860
 -10.0000     8.6023
 -14.0000     8.2883
 -17.0000     8.2888
 -20.0000     8.2893
 -25.0000     8.2887
 -30.0000     8.2893
 -37.0000     8.2893
 -45.0000     8.2883
 -60.0000     8.1420
 -80.0000     6.2077
-100.0000     4.9267
-120.0000     4.4997
-150.0000     4.5007
-175.0000     4.3850
-200.0000     4.2060
-300.0000     3.9983
2011/12/16 12:00:00  18 2
  -0.0000     7.2348
  -5.0000     7.2365
 -10.0000     7.3381
 -14.0000     7.4194
 -17.0000     7.3292
 -20.0000     7.2390
 -25.0000     7.2387
 -30.0000     7.2397
 -37.0000     7.2400
 -45.0000     7.2416
 -60.0000     7.2442
 -80.0000     7.2319
-100.0000     5.7516
-120.0000     4.8010
-150.0000     4.7800
-175.0000     4.5168
-200.0000     4.2458
-300.0000     3.9568
2012/01/16 12:00:00  18 2
  -0.0000     6.0174
  -5.0000     6.0194
 -10.0000     6.0202
 -14.0000     6.0208
 -17.0000     6.0213
 -20.0000     6.0218
 -25.0000     6.0226
 -30.0000     6.0226
 -37.0000     6.0229
 -45.0000     6.0239
 -60.0000     6.0268
 -80.0000     6.0232
-100.0000     5.6566
-120.0000     5.2900
-150.0000     4.7365
-175.0000     4.5129
-200.0000     4.2355
-300.0000     3.9300
2012/02/15 12:00:00  18 2
  -0.0000     5.4669
  -5.0000     5.4679
 -10.0000     5.4682
 -14.0000     5.4684
 -17.0000     5.4686
 -20.0000     5.4687
 -25.0000     5.4690
 -30.0000     5.4686
 -37.0000     5.4693
 -45.0000     5.4693
 -60.0000     5.4710
 -80.0000     5.4655
-100.0000     5.4350
-120.0000     5.4045
-150.0000     4.7134
-175.0000     4.4910
-200.0000     4.2307
-300.0000     3.9221
2012/03/16 12:00:00  18 2
  -0.0000     5.0652
  -5.0000     5.0642
 -10.0000     5.0623
 -14.0000     5.0609
 -17.0000     5.0597
 -20.0000     5.0586
 -25.0000     5.0568
 -30.0000     5.0552
 -37.0000     5.0529
 -45.0000     5.0490
 -60.0000     5.0426
 -80.0000     5.0268
-100.0000     5.0155
-120.0000     5.0042
-150.0000     4.5568
-175.0000     4.2574
-200.0000     4.0581
-300.0000     3.8584
2012/04/16 12:00:00  18 2
  -0.0000     5.3573
  -5.0000     5.3377
 -10.0000     5.3214
 -14.0000     5.3084
 -17.0000     5.2987
 -20.0000     5.2889
 -25.0000     5.2727
 -30.0000     5.2543
 -37.0000     5.2263
 -45.0000     5.1937
 -60.0000     5.1193
 -80.0000     4.9870
-100.0000     4.9097
-120.0000     4.8323
-150.0000     4.4667
-175.0000     4.2007
-200.0000     4.0097
-300.0000     3.8187
2012/05/16 12:00:00  18 2
  -0.0000     5.9416
  -5.0000     5.9248
 -10.0000     5.9064
 -14.0000     5.8916
 -17.0000     5.8805
 -20.0000     5.8694
 -25.0000     5.8510
 -30.0000     5.8210
 -37.0000     5.7626
 -45.0000     5.6642
 -60.0000     5.4645
 -80.0000     5.1703
-100.0000     4.9358
-120.0000     4.7013
-150.0000     4.3768
-175.0000     4.1494
-200.0000     4.0035
-300.0000     3.8165
2012/06/16 12:00:00  18 2
  -0.0000     7.5397
  -5.0000     7.4997
 -10.0000     7.5139
 -14.0000     7.4464
 -17.0000     7.3900
 -20.0000     7.3336
 -25.0000     7.1777
 -30.0000     7.0553
 -37.0000     6.8210
 -45.0000     6.3090
 -60.0000     5.4563
 -80.0000     5.0563
-100.0000     4.6775
-120.0000     4.5147
-150.0000     4.2963
-175.0000     4.1283
-200.0000     3.9670
-300.0000     3.8090
2012/07/16 12:00:00  18 2
  -0.0000     9.9306
  -5.0000     9.8984
 -10.0000     9.8142
 -14.0000     9.6771
 -17.0000     9.5177
 -20.0000     9.3584
 -25.0000     8.9513
 -30.0000     8.3103
 -37.0000     7.3177
 -45.0000     6.5484
 -60.0000     5.4523
 -80.0000     4.9016
-100.0000     4.4906
-120.0000     4.4590
-150.0000     4.3184
-175.0000     4.1232
-200.0000     3.9655
-300.0000     3.8271
2012/08/16 12:00:00  18 2
  -0.0000    12.5168
  -5.0000    12.4913
 -10.0000    12.4190
 -14.0000    12.2068
 -17.0000    11.9018
 -20.0000    11.5968
 -25.0000    10.9294
 -30.0000     9.7910
 -37.0000     8.0681
 -45.0000     6.8674
 -60.0000     5.5594
 -80.0000     4.7026
-100.0000     4.2052
-120.0000     4.2119
-150.0000     4.2939
-175.0000     4.0932
-200.0000     3.9487
-300.0000     3.8042
2012/09/16 12:00:00  18 2
  -0.0000    12.6447
  -5.0000    12.6350
 -10.0000    12.6273
 -14.0000    12.6173
 -17.0000    12.6057
 -20.0000    12.5940
 -25.0000    12.5073
 -30.0000    11.9917
 -37.0000     9.9510
 -45.0000     7.4983
 -60.0000     5.4967
 -80.0000     4.5990
-100.0000     4.0893
-120.0000     3.8797
-150.0000     4.1983
-175.0000     4.1260
-200.0000     3.9590
-300.0000     3.8217
2012/10/16 12:00:00  18 2
  -0.0000    10.9874
  -5.0000    10.9861
 -10.0000    10.9839
 -14.0000    10.9806
 -17.0000    10.9777
 -20.0000    10.9748
 -25.0000    10.9587
 -30.0000    10.9368
 -37.0000    10.8752
 -45.0000    10.3381
 -60.0000     6.0123
 -80.0000     4.8826
-100.0000     4.2958
-120.0000     3.9113
-150.0000     4.0571
-175.0000     4.0961
-200.0000     4.0335
-300.0000     3.8410
2012/11/16 12:00:00  18 2
  -0.0000     8.0293
  -5.0000     8.0310
 -10.0000     8.0317
 -14.0000     8.0323
 -17.0000     8.0323
 -20.0000     8.0323
 -25.0000     8.0287
 -30.0000     8.0280
 -37.0000     8.0290
 -45.0000     8.0210
 -60.0000     7.7113
 -80.0000     5.0153
-100.0000     4.4020
-120.0000     4.0300
-150.0000     3.9650
-175.0000     3.9917
-200.0000     3.9380
-300.0000     3.8420
2012/12/16 12:00:00  18 2
  -0.0000     6.1735
  -5.0000     6.1732
 -10.0000     6.1741
 -14.0000     6.1748
 -17.0000     6.1753
 -20.0000     6.1758
 -25.0000     6.1729
 -30.0000     6.1742
 -37.0000     6.1790
 -45.0000     6.1752
 -60.0000     6.1694
 -80.0000     5.4174
-100.0000     4.7355
-120.0000     4.0229
-150.0000     3.8939
-175.0000     3.8287
-200.0000     3.7642
-300.0000     3.8171
2013/01/16 12:00:00  18 2
  -0.0000     5.3732
  -5.0000     5.3703
 -10.0000     5.3698
 -14.0000     5.3694
 -17.0000     5.3697
 -20.0000     5.3700
 -25.0000     5.3661
 -30.0000     5.3661
 -37.0000     5.3677
 -45.0000     5.3642
 -60.0000     5.3613
 -80.0000     5.3510
-100.0000     5.3210
-120.0000     4.7119
-150.0000     3.8745
-175.0000     3.8255
-200.0000     3.7535
-300.0000     3.7519
2013/02/15 12:00:00  18 2
  -0.0000     5.3329
  -5.0000     5.3318
 -10.0000     5.3318
 -14.0000     5.3318
 -17.0000     5.3318
 -20.0000     5.3318
 -25.0000     5.3282
 -30.0000     5.3289
 -37.0000     5.3336
 -45.0000     5.3293
 -60.0000     5.3296
 -80.0000     5.3121
-100.0000     5.2332
-120.0000     4.7039
-150.0000     3.9232
-175.0000     3.8618
-200.0000     3.7989
-300.0000     3.7804
2013/03/16 12:00:00  18 2
  -0.0000     5.1587
  -5.0000     5.1506
 -10.0000     5.1426
 -14.0000     5.1361
 -17.0000     5.1315
 -20.0000     5.1268
 -25.0000     5.1181
 -30.0000     5.1119
 -37.0000     5.1081
 -45.0000     5.0932
 -60.0000     5.0710
 -80.0000     5.0329
-100.0000     4.9932
-120.0000     4.8823
-150.0000     3.9842
-175.0000     3.7687
-200.0000     3.7081
-300.0000     3.7332
2013/04/16 12:00:00  18 2
  -0.0000     5.8830
  -5.0000     5.8667
 -10.0000     5.8472
 -14.0000     5.8317
 -17.0000     5.8123
 -20.0000     5.7930
 -25.0000     5.7457
 -30.0000     5.6940
 -37.0000     5.6283
 -45.0000     5.5120
 -60.0000     5.3297
 -80.0000     5.1573
-100.0000     4.9420
-120.0000     4.7630
-150.0000     4.1260
-175.0000     3.8460
-200.0000     3.7540
-300.0000     3.7260
2013/05/16 12:00:00  18 2
  -0.0000     7.6365
  -5.0000     7.6135
 -10.0000     7.5809
 -14.0000     7.5548
 -17.0000     7.5190
 -20.0000     7.4832
 -25.0000     7.3629
 -30.0000     7.1261
 -37.0000     6.5713
 -45.0000     5.9694
 -60.0000     5.4790
 -80.0000     5.1558
-100.0000     4.8497
-120.0000     4.6332
-150.0000     4.2461
-175.0000     3.9032
-200.0000     3.7932
-300.0000     3.7829
2013/06/16 12:00:00  18 2
  -0.0000     9.5013
  -5.0000     9.4357
 -10.0000     9.3442
 -14.0000     9.2710
 -17.0000     9.1850
 -20.0000     9.0990
 -25.0000     8.9303
 -30.0000     8.7233
 -37.0000     7.9776
 -45.0000     6.6547
 -60.0000     5.3993
 -80.0000     5.0710
-100.0000     4.7883
-120.0000     4.6003
-150.0000     4.1303
-175.0000     3.8583
-200.0000     3.7727
-300.0000     3.7553
2013/07/16 12:00:00  18 2
  -0.0000    12.6994
  -5.0000    12.5565
 -10.0000    12.3726
 -14.0000    12.2213
 -17.0000    11.9003
 -20.0000    11.5794
 -25.0000    10.5252
 -30.0000     9.7106
 -37.0000     8.6211
 -45.0000     7.3758
 -60.0000     5.9845
 -80.0000     5.4919
-100.0000     5.1300
-120.0000     4.9152
-150.0000     4.2790
-175.0000     4.0342
-200.0000     3.8819
-300.0000     3.7874
2013/08/16 12:00:00  18 2
  -0.0000    14.8784
  -5.0000    14.8135
 -10.0000    14.7723
 -14.0000    14.6710
 -17.0000    14.1768
 -20.0000    13.6826
 -25.0000    11.2945
 -30.0000     9.6858
 -37.0000     8.6290
 -45.0000     7.4213
 -60.0000     5.7206
 -80.0000     5.1542
-100.0000     4.8203
-120.0000     4.5632
-150.0000     4.0265
-175.0000     3.8058
-200.0000     3.7374
-300.0000     3.7290
2013/09/16 12:00:00  18 2
  -0.0000    14.0173
  -5.0000    14.0120
 -10.0000    14.0030
 -14.0000    13.9913
 -17.0000    13.9153
 -20.0000    13.8393
 -25.0000    12.7967
 -30.0000    11.2937
 -37.0000     9.9848
 -45.0000     8.4890
 -60.0000     5.9787
 -80.0000     5.1010
-100.0000     4.7617
-120.0000     4.5260
-150.0000     4.3700
-175.0000     4.1877
-200.0000     3.9827
-300.0000     3.8183
2013/10/16 12:00:00  18 2
  -0.0000    10.8052
  -5.0000    10.8029
 -10.0000    10.8010
 -14.0000    10.7994
 -17.0000    10.7979
 -20.0000    10.7965
 -25.0000    10.7919
 -30.0000    10.7848
 -37.0000    10.7487
 -45.0000    10.7074
 -60.0000     8.9042
 -80.0000     5.3300
-100.0000     4.8748
-120.0000     4.5810
-150.0000     4.1652
-175.0000     3.9668
-200.0000     3.8461
-300.0000     3.7352
2013/11/16 12:00:00  18 2
  -0.0000    10.3577
  -5.0000    10.3607
 -10.0000    10.3583
 -14.0000    10.3593
 -17.0000    10.3595
 -20.0000    10.3597
 -25.0000    10.3597
 -30.0000    10.3607
 -37.0000    10.3569
 -45.0000    10.3527
 -60.0000     9.9407
 -80.0000     6.2837
-100.0000     5.2217
-120.0000     4.8393
-150.0000     4.4247
-175.0000     4.0447
-200.0000     3.8333
-300.0000     3.7523
2013/12/16 12:00:00  18 2
  -0.0000     9.4910
  -5.0000     9.4929
 -10.0000     9.4890
 -14.0000     9.4890
 -17.0000     9.4889
 -20.0000     9.4887
 -25.0000     9.4884
 -30.0000     9.4861
 -37.0000     9.4831
 -45.0000     9.4797
 -60.0000     9.4658
 -80.0000     8.1974
-100.0000     5.5613
-120.0000     5.0439
-150.0000     4.6865
-175.0000     4.3484
-200.0000     4.1616
-300.0000     3.8342
2014/01/16 12:00:00  18 2
  -0.0000     8.9219
  -5.0000     8.9242
 -10.0000     8.9197
 -14.0000     8.9210
 -17.0000     8.9211
 -20.0000     8.9213
 -25.0000     8.9206
 -30.0000     8.9200
 -37.0000     8.9173
 -45.0000     8.9142
 -60.0000     8.9003
 -80.0000     8.6819
-100.0000     6.3732
-120.0000     5.0816
-150.0000     4.6819
-175.0000     4.3200
-200.0000     4.0668
-300.0000     3.8010
2014/02/15 12:00:00  18 2
  -0.0000     8.4779
  -5.0000     8.4829
 -10.0000     8.4775
 -14.0000     8.4779
 -17.0000     8.4782
 -20.0000     8.4786
 -25.0000     8.4779
 -30.0000     8.4768
 -37.0000     8.4743
 -45.0000     8.4714
 -60.0000     8.4625
 -80.0000     8.4411
-100.0000     6.6682
-120.0000     5.1229
-150.0000     4.8289
-175.0000     4.7082
-200.0000     4.5200
-300.0000     3.9511
2014/03/16 12:00:00  18 2
  -0.0000     8.0206
  -5.0000     8.0181
 -10.0000     8.0110
 -14.0000     8.0110
 -17.0000     8.0106
 -20.0000     8.0103
 -25.0000     8.0084
 -30.0000     8.0074
 -37.0000     8.0061
 -45.0000     8.0045
 -60.0000     7.9990
 -80.0000     7.9755
-100.0000     6.6806
-120.0000     5.1635
-150.0000     4.8616
-175.0000     4.6639
-200.0000     4.4468
-300.0000     3.9423
2014/04/16 12:00:00  18 2
  -0.0000     8.0710
  -5.0000     8.0570
 -10.0000     8.0383
 -14.0000     8.0310
 -17.0000     8.0267
 -20.0000     8.0223
 -25.0000     8.0160
 -30.0000     8.0097
 -37.0000     8.0022
 -45.0000     7.9937
 -60.0000     7.9730
 -80.0000     7.8907
-100.0000     6.5753
-120.0000     5.1903
-150.0000     4.8500
-175.0000     4.5947
-200.0000     4.3013
-300.0000     3.8733
2014/05/16 12:00:00  18 2
  -0.0000     9.0394
  -5.0000     9.0142
 -10.0000     8.9597
 -14.0000     8.9039
 -17.0000     8.8282
 -20.0000     8.7526
 -25.0000     8.6016
 -30.0000     8.4313
 -37.0000     8.3182
 -45.0000     8.1890
 -60.0000     7.9619
 -80.0000     7.5852
-100.0000     5.8087
-120.0000     5.0277
-150.0000     4.7955
-175.0000     4.4855
-200.0000     4.2145
-300.0000     3.8474
2014/06/16 12:00:00  18 2
  -0.0000    10.6030
  -5.0000    10.5673
 -10.0000    10.5193
 -14.0000    10.4613
 -17.0000    10.4143
 -20.0000    10.3673
 -25.0000    10.2313
 -30.0000     9.8953
 -37.0000     9.1414
 -45.0000     8.2797
 -60.0000     7.8267
 -80.0000     7.3107
-100.0000     5.6337
-120.0000     4.8600
-150.0000     4.6940
-175.0000     4.4520
-200.0000     4.2080
-300.0000     3.8233
2014/07/16 12:00:00  18 2
  -0.0000    12.6629
  -5.0000    12.5419
 -10.0000    12.4358
 -14.0000    12.3781
 -17.0000    12.3221
 -20.0000    12.2661
 -25.0000    12.1465
 -30.0000    11.7781
 -37.0000    10.2177
 -45.0000     8.4884
 -60.0000     7.7661
 -80.0000     7.1945
-100.0000     5.7794
-120.0000     4.8639
-150.0000     4.5358
-175.0000     4.3929
-200.0000     4.1835
-300.0000     3.8003
2014/08/16 12:00:00  18 2
  -0.0000    14.3990
  -5.0000    14.3813
 -10.0000    14.3439
 -14.0000    14.3035
 -17.0000    14.2503
 -20.0000    14.1971
 -25.0000    13.9113
 -30.0000    13.0197
 -37.0000    10.7552
 -45.0000     8.7974
 -60.0000     7.7368
 -80.0000     7.2274
-100.0000     5.8784
-120.0000     4.8229
-150.0000     4.2910
-175.0000     4.0981
-200.0000     3.9506
-300.0000     3.7239
2014/09/16 12:00:00  18 2
  -0.0000    15.2163
  -5.0000    15.1917
 -10.0000    15.1623
 -14.0000    15.1377
 -17.0000    15.1060
 -20.0000    15.0743
 -25.0000    14.9563
 -30.0000    14.7023
 -37.0000    13.2690
 -45.0000    10.2170
 -60.0000     8.0250
 -80.0000     7.2827
-100.0000     6.0057
-120.0000     4.9450
-150.0000     4.2947
-175.0000     4.0910
-200.0000     3.9153
-300.0000     3.7230
2014/10/16 12:00:00  18 2
  -0.0000    13.0229
  -5.0000    13.0277
 -10.0000    13.0265
 -14.0000    13.0261
 -17.0000    13.0258
 -20.0000    13.0255
 -25.0000    13.0248
 -30.0000    13.0226
 -37.0000    13.0139
 -45.0000    12.4694
 -60.0000     8.0765
 -80.0000     7.1129
-100.0000     6.0377
-120.0000     4.9410
-150.0000     4.2532
-175.0000     4.0248
-200.0000     3.8655
-300.0000     3.7284
2014/11/16 12:00:00  18 2
  -0.0000    10.3767
  -5.0000    10.3807
 -10.0000    10.3803
 -14.0000    10.3803
 -17.0000    10.3802
 -20.0000    10.3800
 -25.0000    10.3787
 -30.0000    10.3763
 -37.0000    10.3710
 -45.0000    10.3607
 -60.0000     9.4243
 -80.0000     7.1950
-100.0000     6.0803
-120.0000     4.9860
-150.0000     4.2587
-175.0000     4.0057
-200.0000     3.8443
-300.0000     3.7053
2014/12/16 12:00:00  18 2
  -0.0000     8.9523
  -5.0000     8.9558
 -10.0000     8.9558
 -14.0000     8.9565
 -17.0000     8.9568
 -20.0000     8.9571
 -25.0000     8.9568
 -30.0000     8.9545
 -37.0000     8.9526
 -45.0000     8.9494
 -60.0000     8.8313
 -80.0000     6.8503
-100.0000     5.6013
-120.0000     4.7842
-150.0000     4.2097
-175.0000     3.9516
-200.0000     3.8052
-300.0000     3.6897
2015/01/16 12:00:00  18 2
  -0.0000     7.9235
  -5.0000     7.9255
 -10.0000     7.9245
 -14.0000     7.9239
 -17.0000     7.9237
 -20.0000     7.9236
 -25.0000     7.9216
 -30.0000     7.9206
 -37.0000     7.9177
 -45.0000     7.9148
 -60.0000     7.9032
 -80.0000     6.8310
-100.0000     5.1816
-120.0000     4.5097
-150.0000     4.0884
-175.0000     3.9097
-200.0000     3.8187
-300.0000     3.7529
2015/02/15 12:00:00  18 2
  -0.0000     7.7518
  -5.0000     7.7511
 -10.0000     7.7489
 -14.0000     7.7454
 -17.0000     7.7427
 -20.0000     7.7400
 -25.0000     7.7364
 -30.0000     7.7339
 -37.0000     7.7289
 -45.0000     7.7236
 -60.0000     7.7050
 -80.0000     7.3936
-100.0000     5.5179
-120.0000     4.7329
-150.0000     4.2289
-175.0000     4.0011
-200.0000     3.8536
-300.0000     3.7607
2015/03/16 12:00:00  18 2
  -0.0000     7.7252
  -5.0000     7.7245
 -10.0000     7.7174
 -14.0000     7.7132
 -17.0000     7.7103
 -20.0000     7.7074
 -25.0000     7.7006
 -30.0000     7.6919
 -37.0000     7.6784
 -45.0000     7.7012
 -60.0000     7.5948
 -80.0000     6.7868
-100.0000     5.4174
-120.0000     4.8490
-150.0000     4.3842
-175.0000     4.1406
-200.0000     3.9797
-300.0000     3.7945
2015/04/16 12:00:00  18 2
  -0.0000     7.5603
  -5.0000     7.5627
 -10.0000     7.5617
 -14.0000     7.5607
 -17.0000     7.5597
 -20.0000     7.5587
 -25.0000     7.5560
 -30.0000     7.5543
 -37.0000     7.5520
 -45.0000     7.5475
 -60.0000     7.5390
 -80.0000     7.2230
-100.0000     5.4693
-120.0000     4.7633
-150.0000     4.3287
-175.0000     4.0963
-200.0000     3.9500
-300.0000     3.7697
2015/05/16 12:00:00  18 2
  -0.0000     8.5971
  -5.0000     8.5284
 -10.0000     8.4245
 -14.0000     8.2819
 -17.0000     8.1927
 -20.0000     8.1035
 -25.0000     8.0277
 -30.0000     7.9626
 -37.0000     7.8894
 -45.0000     7.7945
 -60.0000     7.6168
 -80.0000     7.1529
-100.0000     5.6984
-120.0000     5.0568
-150.0000     4.5790
-175.0000     4.2813
-200.0000     4.0913
-300.0000     3.8416
2015/06/16 12:00:00  18 2
  -0.0000    10.7720
  -5.0000    10.7467
 -10.0000    10.6553
 -14.0000    10.5523
 -17.0000    10.4053
 -20.0000    10.2583
 -25.0000     9.5827
 -30.0000     8.6320
 -37.0000     7.7767
 -45.0000     7.4160
 -60.0000     7.0853
 -80.0000     6.6423
-100.0000     5.7103
-120.0000     5.3203
-150.0000     4.8267
-175.0000     4.4813
-200.0000     4.2933
-300.0000     3.9760
2015/07/16 12:00:00  18 2
  -0.0000    13.1929
  -5.0000    13.1832
 -10.0000    13.1581
 -14.0000    13.1326
 -17.0000    12.9834
 -20.0000    12.8342
 -25.0000    11.8784
 -30.0000    10.3294
 -37.0000     8.4139
 -45.0000     7.6090
 -60.0000     7.0848
 -80.0000     6.6642
-100.0000     5.8168
-120.0000     5.3839
-150.0000     5.0442
-175.0000     4.7177
-200.0000     4.4568
-300.0000     3.9806
2015/08/16 12:00:00  18 2
  -0.0000    14.5026
  -5.0000    14.4781
 -10.0000    14.4510
 -14.0000    14.4152
 -17.0000    14.3897
 -20.0000    14.3642
 -25.0000    14.0500
 -30.0000    12.5197
 -37.0000     9.5977
 -45.0000     7.8826
 -60.0000     7.0965
 -80.0000     6.7539
-100.0000     5.9916
-120.0000     5.3152
-150.0000     5.0503
-175.0000     4.7648
-200.0000     4.4816
-300.0000     3.9939
2015/09/16 12:00:00  18 2
  -0.0000    13.7540
  -5.0000    13.7520
 -10.0000    13.7433
 -14.0000    13.7393
 -17.0000    13.7350
 -20.0000    13.7307
 -25.0000    13.7213
 -30.0000    13.6733
 -37.0000    12.7703
 -45.0000     9.7707
 -60.0000     7.5777
 -80.0000     6.8903
-100.0000     6.0853
-120.0000     5.5100
-150.0000     5.1930
-175.0000     4.9087
-200.0000     4.6587
-300.0000     4.0560
2015/10/16 12:00:00  18 2
  -0.0000    12.3935
  -5.0000    12.3955
 -10.0000    12.3926
 -14.0000    12.3903
 -17.0000    12.3892
 -20.0000    12.3881
 -25.0000    12.3861
 -30.0000    12.3832
 -37.0000    12.3510
 -45.0000    11.6268
 -60.0000     8.4006
 -80.0000     6.9926
-100.0000     6.4939
-120.0000     5.8248
-150.0000     5.2442
-175.0000     4.9310
-200.0000     4.6794
-300.0000     4.1526
2015/11/16 12:00:00  18 2
  -0.0000     9.9110
  -5.0000     9.9143
 -10.0000     9.9147
 -14.0000     9.9160
 -17.0000     9.9158
 -20.0000     9.9157
 -25.0000     9.9143
 -30.0000     9.9150
 -37.0000    10.2077
 -45.0000     9.9113
 -60.0000     9.4297
 -80.0000     7.0647
-100.0000     6.3713
-120.0000     5.8263
-150.0000     5.3097
-175.0000     4.9420
-200.0000     4.6597
-300.0000     4.1373
2015/12/16 12:00:00  18 2
  -0.0000     8.0926
  -5.0000     8.0958
 -10.0000     8.0968
 -14.0000     8.0984
 -17.0000     8.0990
 -20.0000     8.0997
 -25.0000     8.1000
 -30.0000     8.1006
 -37.0000     8.1009
 -45.0000     8.1013
 -60.0000     8.0990
 -80.0000     7.4394
-100.0000     6.1871
-120.0000     5.5577
-150.0000     5.0577
-175.0000     4.7448
-200.0000     4.4929
-300.0000     4.0632
2016/01/16 12:00:00  18 2
  -0.0000     7.2213
  -5.0000     7.2229
 -10.0000     7.2229
 -14.0000     7.2242
 -17.0000     7.2247
 -20.0000     7.2252
 -25.0000     7.2255
 -30.0000     7.2252
 -37.0000     7.2253
 -45.0000     7.2255
 -60.0000     7.2255
 -80.0000     7.2229
-100.0000     6.8813
-120.0000     5.5406
-150.0000     5.0113
-175.0000     4.7200
-200.0000     4.4661
-300.0000     3.9768
2016/02/15 12:00:00  18 2
  -0.0000     6.6421
  -5.0000     6.6428
 -10.0000     6.6431
 -14.0000     6.6428
 -17.0000     6.6429
 -20.0000     6.6431
 -25.0000     6.6424
 -30.0000     6.6417
 -37.0000     6.6404
 -45.0000     6.6390
 -60.0000     6.6362
 -80.0000     6.6303
-100.0000     6.3686
-120.0000     5.4614
-150.0000     5.2172
-175.0000     4.9738
-200.0000     4.7152
-300.0000     4.1521
2016/03/16 12:00:00  18 2
  -0.0000     6.2084
  -5.0000     6.2058
 -10.0000     6.2045
 -14.0000     6.2026
 -17.0000     6.2011
 -20.0000     6.1997
 -25.0000     6.1971
 -30.0000     6.1965
 -37.0000     6.1946
 -45.0000     6.1926
 -60.0000     6.1887
 -80.0000     6.1861
-100.0000     5.8455
-120.0000     5.3094
-150.0000     5.2216
-175.0000     4.9952
-200.0000     4.7710
-300.0000     4.2384
2016/04/16 12:00:00  18 2
  -0.0000     6.5417
  -5.0000     6.5293
 -10.0000     6.5200
 -14.0000     6.5147
 -17.0000     6.5113
 -20.0000     6.5080
 -25.0000     6.5023
 -30.0000     6.4980
 -37.0000     6.4780
 -45.0000     6.4552
 -60.0000     6.4123
 -80.0000     6.2837
-100.0000     5.8867
-120.0000     5.2880
-150.0000     4.9703
-175.0000     4.8117
-200.0000     4.6273
-300.0000     4.2163
2016/05/16 12:00:00  18 2
  -0.0000     7.6665
  -5.0000     7.6461
 -10.0000     7.5816
 -14.0000     7.5239
 -17.0000     7.4818
 -20.0000     7.4397
 -25.0000     7.3700
 -30.0000     7.3171
 -37.0000     7.2497
 -45.0000     7.1727
 -60.0000     7.0284
 -80.0000     6.6081
-100.0000     5.9903
-120.0000     5.4616
-150.0000     4.9926
-175.0000     4.6855
-200.0000     4.5632
-300.0000     4.1706
2016/06/16 12:00:00  18 2
  -0.0000     9.6593
  -5.0000     9.6338
 -10.0000     9.5959
 -14.0000     9.5321
 -17.0000     9.4548
 -20.0000     9.3776
 -25.0000     9.2303
 -30.0000     9.0314
 -37.0000     8.5481
 -45.0000     7.9959
 -60.0000     6.9603
 -80.0000     6.4269
-100.0000     5.9803
-120.0000     5.4610
-150.0000     5.0890
-175.0000     4.8191
-200.0000     4.5493
-300.0000     4.1962
2016/07/16 12:00:00  18 2
  -0.0000    11.9684
  -5.0000    11.9284
 -10.0000    11.8555
 -14.0000    11.8074
 -17.0000    11.7565
 -20.0000    11.7055
 -25.0000    11.4677
 -30.0000    10.9490
 -37.0000     9.5352
 -45.0000     8.1310
 -60.0000     6.8906
 -80.0000     6.3945
-100.0000     6.0026
-120.0000     5.5055
-150.0000     5.1113
-175.0000     4.8545
-200.0000     4.6497
-300.0000     4.2487
2016/08/16 12:00:00  18 2
  -0.0000    14.9603
  -5.0000    14.9484
 -10.0000    14.9087
 -14.0000    14.8639
 -17.0000    14.7434
 -20.0000    14.6229
 -25.0000    13.7189
 -30.0000    12.5394
 -37.0000    10.3497
 -45.0000     8.5671
 -60.0000     7.0490
 -80.0000     6.4694
-100.0000     6.1097
-120.0000     5.7090
-150.0000     5.3255
-175.0000     5.0545
-200.0000     4.8232
-300.0000     4.3465
2016/09/16 12:00:00  18 2
  -0.0000    15.5003
  -5.0000    15.4957
 -10.0000    15.4873
 -14.0000    15.4810
 -17.0000    15.4672
 -20.0000    15.4533
 -25.0000    15.1530
 -30.0000    14.3953
 -37.0000    11.3663
 -45.0000     8.5097
 -60.0000     6.9037
 -80.0000     6.3047
-100.0000     6.0260
-120.0000     5.6383
-150.0000     5.2713
-175.0000     4.9967
-200.0000     4.7780
-300.0000     4.3053
2016/10/16 12:00:00  18 2
  -0.0000    12.9900
  -5.0000    12.9929
 -10.0000    12.9935
 -14.0000    12.9942
 -17.0000    12.9947
 -20.0000    12.9952
 -25.0000    13.0146
 -30.0000    12.9697
 -37.0000    12.2332
 -45.0000     8.8635
 -60.0000     6.5261
 -80.0000     6.0097
-100.0000     5.8555
-120.0000     5.6581
-150.0000     5.3239
-175.0000     5.0506
-200.0000     4.7845
-300.0000     4.2910
2016/11/16 12:00:00  18 2
  -0.0000     9.3487
  -5.0000     9.3530
 -10.0000     9.3533
 -14.0000     9.3543
 -17.0000     9.3545
 -20.0000     9.3547
 -25.0000     9.2595
 -30.0000     9.3533
 -37.0000     9.2923
 -45.0000     8.8830
 -60.0000     7.6213
 -80.0000     5.8977
-100.0000     5.6537
-120.0000     5.6640
-150.0000     5.3337
-175.0000     5.0553
-200.0000     4.8217
-300.0000     4.3153
2016/12/16 12:00:00  18 2
  -0.0000     7.2268
  -5.0000     7.2323
 -10.0000     7.2332
 -14.0000     7.2339
 -17.0000     7.2352
 -20.0000     7.2365
 -25.0000     7.2400
 -30.0000     7.2377
 -37.0000     7.2397
 -45.0000     7.2402
 -60.0000     7.2413
 -80.0000     7.2032
-100.0000     6.3168
-120.0000     5.8077
-150.0000     5.5074
-175.0000     5.2226
-200.0000     4.9726
-300.0000     4.3739
2017/01/16 12:00:00  18 2
  -0.0000     6.4248
  -5.0000     6.4287
 -10.0000     6.4294
 -14.0000     6.4303
 -17.0000     6.4311
 -20.0000     6.4319
 -25.0000     6.4370
 -30.0000     6.4316
 -37.0000     6.4323
 -45.0000     6.4327
 -60.0000     6.4335
 -80.0000     6.4300
-100.0000     6.4223
-120.0000     6.0058
-150.0000     5.6100
-175.0000     5.3181
-200.0000     5.0555
-300.0000     4.3832
2017/02/15 12:00:00  18 2
  -0.0000     6.0143
  -5.0000     6.0157
 -10.0000     6.0143
 -14.0000     6.0143
 -17.0000     6.0130
 -20.0000     6.0118
 -25.0000     6.0311
 -30.0000     6.0089
 -37.0000     6.0054
 -45.0000     5.9995
 -60.0000     5.9886
 -80.0000     5.9679
-100.0000     5.9639
-120.0000     6.2961
-150.0000     5.9982
-175.0000     5.6736
-200.0000     5.3946
-300.0000     4.5111
2017/03/16 12:00:00  18 2
  -0.0000     5.5871
  -5.0000     5.5890
 -10.0000     5.5887
 -14.0000     5.5865
 -17.0000     5.5863
 -20.0000     5.5861
 -25.0000     5.5868
 -30.0000     5.5874
 -37.0000     5.5881
 -45.0000     5.5913
 -60.0000     5.5974
 -80.0000     5.6090
-100.0000     5.6277
-120.0000     6.1342
-150.0000     6.0819
-175.0000     5.7761
-200.0000     5.5081
-300.0000     4.5919
2017/04/16 12:00:00  18 2
  -0.0000     5.8057
  -5.0000     5.7897
 -10.0000     5.7667
 -14.0000     5.7493
 -17.0000     5.7373
 -20.0000     5.7253
 -25.0000     5.6942
 -30.0000     5.6630
 -37.0000     5.6440
 -45.0000     5.6389
 -60.0000     5.6293
 -80.0000     5.6203
-100.0000     5.7560
-120.0000     6.1977
-150.0000     6.1213
-175.0000     5.8010
-200.0000     5.5123
-300.0000     4.5853
2017/05/16 12:00:00  18 2
  -0.0000     7.2390
  -5.0000     7.2155
 -10.0000     7.1800
 -14.0000     7.1500
 -17.0000     7.1194
 -20.0000     7.0887
 -25.0000     7.0153
 -30.0000     6.9419
 -37.0000     6.7900
 -45.0000     6.6201
 -60.0000     6.3016
 -80.0000     6.0297
-100.0000     5.9529
-120.0000     6.2377
-150.0000     6.3177
-175.0000     5.9784
-200.0000     5.6674
-300.0000     4.6874
2017/06/16 12:00:00  18 2
  -0.0000     9.0540
  -5.0000     9.1883
 -10.0000     9.1400
 -14.0000     9.1067
 -17.0000     9.0770
 -20.0000     9.0473
 -25.0000     9.3775
 -30.0000     8.6553
 -37.0000     7.7207
 -45.0000     6.5850
 -60.0000     5.9737
 -80.0000     5.5217
-100.0000     5.8360
-120.0000     6.3357
-150.0000     6.1458
-175.0000     5.8240
-200.0000     5.5315
-300.0000     4.6563
2017/07/16 12:00:00  18 2
  -0.0000    11.3023
  -5.0000    11.2574
 -10.0000    11.1935
 -14.0000    11.1223
 -17.0000    10.9569
 -20.0000    10.7916
 -25.0000    10.2810
 -30.0000     9.7277
 -37.0000     8.4858
 -45.0000     6.6971
 -60.0000     5.7316
 -80.0000     5.2832
-100.0000     5.4377
-120.0000     6.0939
-150.0000     6.0336
-175.0000     5.7629
-200.0000     5.4906
-300.0000     4.6406
2017/08/16 12:00:00  18 2
  -0.0000    13.4674
  -5.0000    13.4355
 -10.0000    13.3761
 -14.0000    13.3135
 -17.0000    13.1285
 -20.0000    12.9435
 -25.0000    12.1165
 -30.0000    10.9784
 -37.0000     8.7732
 -45.0000     6.8145
 -60.0000     5.6145
 -80.0000     5.1200
-100.0000     5.0161
-120.0000     5.3161
-150.0000     5.5361
-175.0000     5.3160
-200.0000     5.1223
-300.0000     4.5393
2017/09/16 12:00:00  18 2
  -0.0000    13.0453
  -5.0000    13.0290
 -10.0000    13.0070
 -14.0000    12.9837
 -17.0000    12.9685
 -20.0000    12.9533
 -25.0000    12.9197
 -30.0000    12.6633
 -37.0000    10.4070
 -45.0000     7.2460
 -60.0000     5.6997
 -80.0000     5.0470
-100.0000     4.6357
-120.0000     4.9627
-150.0000     5.3229
-175.0000     5.1917
-200.0000     5.0544
-300.0000     4.5396
2017/10/16 12:00:00  18 2
  -0.0000    11.2932
  -5.0000    11.2942
 -10.0000    11.2848
 -14.0000    11.2823
 -17.0000    11.2795
 -20.0000    11.2768
 -25.0000    11.2687
 -30.0000    11.2632
 -37.0000    11.1342
 -45.0000     9.8874
 -60.0000     6.8245
 -80.0000     5.2171
-100.0000     4.6958
-120.0000     4.7813
-150.0000     5.0219
-175.0000     4.8461
-200.0000     4.7268
-300.0000     4.4048
2017/11/16 12:00:00  18 2
  -0.0000     8.8090
  -5.0000     8.8120
 -10.0000     8.8093
 -14.0000     8.8057
 -17.0000     8.8032
 -20.0000     8.8007
 -25.0000     8.7927
 -30.0000     8.7837
 -37.0000     8.7737
 -45.0000     8.7477
 -60.0000     8.0353
 -80.0000     5.4537
-100.0000     4.7880
-120.0000     4.7463
-150.0000     4.9043
-175.0000     4.6600
-200.0000     4.4087
-300.0000     4.2217
2017/12/16 12:00:00  18 2
  -0.0000     7.1326
  -5.0000     7.1342
 -10.0000     7.1352
 -14.0000     7.1335
 -17.0000     7.1339
 -20.0000     7.1342
 -25.0000     7.1310
 -30.0000     7.1274
 -37.0000     7.1235
 -45.0000     7.1110
 -60.0000     7.0603
 -80.0000     6.1132
-100.0000     4.9548
-120.0000     4.9861
-150.0000     4.9406
-175.0000     4.5990
-200.0000     4.3839
-300.0000     4.2300
2018/01/16 12:00:00  18 2
  -0.0000     6.4674
  -5.0000     6.4723
 -10.0000     6.4729
 -14.0000     6.4726
 -17.0000     6.4724
 -20.0000     6.4723
 -25.0000     6.4710
 -30.0000     6.4703
 -37.0000     6.4681
 -45.0000     6.4652
 -60.0000     6.4581
 -80.0000     6.4235
-100.0000     5.5587
-120.0000     4.6600
-150.0000     4.6303
-175.0000     4.4439
-200.0000     4.2797
-300.0000     4.3232
2018/02/15 12:00:00  18 2
  -0.0000     5.9346
  -5.0000     5.9336
 -10.0000     5.9314
 -14.0000     5.9289
 -17.0000     5.9274
 -20.0000     5.9258
 -25.0000     5.9232
 -30.0000     5.9193
 -37.0000     5.9125
 -45.0000     5.9064
 -60.0000     5.8925
 -80.0000     5.8496
-100.0000     5.1961
-120.0000     4.5486
-150.0000     4.4793
-175.0000     4.3161
-200.0000     4.1922
-300.0000     4.0896
2018/03/16 12:00:00  18 2
  -0.0000     5.6758
  -5.0000     5.6646
 -10.0000     5.6529
 -14.0000     5.6454
 -17.0000     5.6413
 -20.0000     5.6372
 -25.0000     5.6304
 -30.0000     5.6275
 -37.0000     5.6242
 -45.0000     5.6208
 -60.0000     5.6175
 -80.0000     5.6129
-100.0000     5.5958
-120.0000     4.8621
-150.0000     4.4743
-175.0000     4.3175
-200.0000     4.1579
-300.0000     4.0396
