2  14 2
 1.  32.7171062
 5.  32.7190222
 8.  32.7204592
 10.  32.7214172
 14.  32.7212952
 15.  32.7212647
 20.  32.7211122
 25.  32.7156059
 30.  32.7200195
 35.  32.7270523
 36.  32.7284588
 37.  32.7300596
 45.  32.7428663
 60.  32.7750042
 80.  32.7710165
 100.  32.7728138
 120.  32.8635119
 150.  33.4992733
 200.  33.8865124
2  14 2
 1.  32.6691281
 5.  32.6773508
 8.  32.6835177
 10.  32.6876290
 14.  32.6916989
 15.  32.6927163
 20.  32.6978036
 25.  32.6898444
 30.  32.7028248
 35.  32.7089791
 36.  32.7102100
 37.  32.7104833
 45.  32.7126698
 60.  32.7560421
 80.  32.7663478
 100.  32.7717788
 120.  32.8816279
 150.  33.5036626
 200.  33.8834454
2  14 2
 1.  32.6233923
 5.  32.6255946
 8.  32.6272462
 10.  32.6283473
 14.  32.6296559
 15.  32.6299830
 20.  32.6316187
 25.  32.6148711
 30.  32.6417927
 35.  32.6596181
 36.  32.6631832
 37.  32.6674206
 45.  32.7013202
 60.  32.7546123
 80.  32.7625568
 100.  32.7854210
 120.  32.9721620
 150.  33.5819845
 200.  33.9076900
2  14 2
 1.  32.5839466
 5.  32.5868796
 8.  32.5890794
 10.  32.5905460
 14.  32.5890411
 15.  32.5886649
 20.  32.5867838
 25.  32.5877566
 30.  32.5875488
 35.  32.5883458
 36.  32.5885052
 37.  32.5914202
 45.  32.6147400
 60.  32.7463636
 80.  32.7653435
 100.  32.7939536
 120.  32.9832325
 150.  33.5553648
 200.  33.8914234
2  14 2
 1.  32.5560996
 5.  32.5596255
 8.  32.5622699
 10.  32.5640329
 14.  32.5640214
 15.  32.5640185
 20.  32.5640041
 25.  32.5653451
 30.  32.5693844
 35.  32.5696479
 36.  32.5697006
 37.  32.5694866
 45.  32.5677741
 60.  32.6209727
 80.  32.7623307
 100.  32.7793263
 120.  32.9239548
 150.  33.5030148
 200.  33.8827323
2  14 2
 1.  32.6256462
 5.  32.6272947
 8.  32.6285312
 10.  32.6293554
 14.  32.6283519
 15.  32.6281010
 20.  32.6268466
 25.  32.6278765
 30.  32.6317274
 35.  32.6316846
 36.  32.6316761
 37.  32.6314433
 45.  32.6295815
 60.  32.6328552
 80.  32.6625780
 100.  32.7842979
 120.  32.9985387
 150.  33.5635033
 200.  33.8941339
2  14 2
 1.  32.6701630
 5.  32.6713414
 8.  32.6722252
 10.  32.6728144
 14.  32.6720592
 15.  32.6718704
 20.  32.6709264
 25.  32.6722127
 30.  32.6770904
 35.  32.6763260
 36.  32.6761731
 37.  32.6760035
 45.  32.6746462
 60.  32.6754597
 80.  32.6744529
 100.  32.6834169
 120.  32.9671404
 150.  33.5488210
 200.  33.8911282
2  14 2
 1.  32.6620638
 5.  32.6653427
 8.  32.6678019
 10.  32.6694413
 14.  32.6694542
 15.  32.6694575
 20.  32.6694737
 25.  32.6711126
 30.  32.6773855
 35.  32.6760526
 36.  32.6757860
 37.  32.6756738
 45.  32.6747766
 60.  32.6760116
 80.  32.6761357
 100.  32.7013714
 120.  33.0017549
 150.  33.5662902
 200.  33.8920061
2  14 2
 1.  32.6700787
 5.  32.6715893
 8.  32.6727222
 10.  32.6734775
 14.  32.6732528
 15.  32.6731966
 20.  32.6729157
 25.  32.6740065
 30.  32.6809808
 35.  32.6789803
 36.  32.6785803
 37.  32.6784519
 45.  32.6774252
 60.  32.6798983
 80.  32.6817627
 100.  32.7165085
 120.  33.1143610
 150.  33.6417830
 200.  33.8980980
2  14 2
 1.  32.7388472
 5.  32.7402726
 8.  32.7413416
 10.  32.7420543
 14.  32.7422450
 15.  32.7422927
 20.  32.7425311
 25.  32.7442652
 30.  32.7517065
 35.  32.7498374
 36.  32.7494635
 37.  32.7494814
 45.  32.7496239
 60.  32.7528568
 80.  32.7538672
 100.  32.7790426
 120.  33.0768678
 150.  33.6926878
 200.  33.9032505
2  14 2
 1.  32.8016208
 5.  32.8027225
 8.  32.8035488
 10.  32.8040996
 14.  32.8046199
 15.  32.8047500
 20.  32.8054004
 25.  32.8067314
 30.  32.8129916
 35.  32.8114901
 36.  32.8111898
 37.  32.8112188
 45.  32.8114504
 60.  32.8149907
 80.  32.8230892
 100.  32.9468544
 120.  33.4857318
 150.  33.8294051
 200.  33.9209740
2  14 2
 1.  32.8015978
 5.  32.8029056
 8.  32.8038865
 10.  32.8045404
 14.  32.8052923
 15.  32.8054802
 20.  32.8064200
 25.  32.8065321
 30.  32.8110176
 35.  32.8113688
 36.  32.8114390
 37.  32.8115893
 45.  32.8127920
 60.  32.8203761
 80.  32.8431363
 100.  32.9480810
 120.  33.3658157
 150.  33.7933090
 200.  33.9246505
2  14 2
 1.  32.8379273
 5.  32.8382453
 8.  32.8384839
 10.  32.8386429
 14.  32.8400877
 15.  32.8404489
 20.  32.8422550
 25.  32.8422901
 30.  32.8450619
 35.  32.8471938
 36.  32.8476201
 37.  32.8480465
 45.  32.8568909
 60.  32.8693089
 80.  32.9681454
 100.  33.2693454
 120.  33.7305895
 150.  33.8976258
 200.  33.9513027
2  14 2
 1.  32.8256501
 5.  32.8265542
 8.  32.8272322
 10.  32.8276843
 14.  32.8322093
 15.  32.8333406
 20.  32.8389969
 25.  32.8377786
 30.  32.8386379
 35.  32.8410188
 36.  32.8414950
 37.  32.8419712
 45.  32.8511682
 60.  32.8738013
 80.  32.9434525
 100.  33.2273225
 120.  33.6865874
 150.  33.8964259
 200.  33.9501910
2  14 2
 1.  32.7712938
 5.  32.7685540
 8.  32.7664991
 10.  32.7651292
 14.  32.7680459
 15.  32.7687751
 20.  32.7724211
 25.  32.7883177
 30.  32.8136777
 35.  32.8324774
 36.  32.8362373
 37.  32.8399972
 45.  32.8558023
 60.  32.8969415
 80.  32.9717562
 100.  33.1562750
 120.  33.6104166
 150.  33.8873520
 200.  33.9455905
2  14 2
 1.  32.7211692
 5.  32.7203033
 8.  32.7196539
 10.  32.7192209
 14.  32.7180302
 15.  32.7177326
 20.  32.7162442
 25.  32.7127197
 30.  32.7194062
 35.  32.7534442
 36.  32.7602518
 37.  32.7670594
 45.  32.8304085
 60.  32.8954772
 80.  32.9657727
 100.  33.1737427
 120.  33.5911429
 150.  33.8813986
 200.  33.9492747
2  14 2
 1.  32.7237144
 5.  32.7243595
 8.  32.7248434
 10.  32.7251659
 14.  32.7256327
 15.  32.7257494
 20.  32.7263328
 25.  32.7273195
 30.  32.7260065
 35.  32.7278776
 36.  32.7282518
 37.  32.7286261
 45.  32.7261237
 60.  32.7954881
 80.  32.9736957
 100.  33.2337776
 120.  33.6364138
 150.  33.8797617
 200.  33.9551940
2  14 2
 1.  32.7666213
 5.  32.7657844
 8.  32.7651567
 10.  32.7647382
 14.  32.7649274
 15.  32.7649747
 20.  32.7652111
 25.  32.7660021
 30.  32.7650912
 35.  32.7671185
 36.  32.7675240
 37.  32.7679295
 45.  32.7679150
 60.  32.7683730
 80.  32.9108098
 100.  33.3906571
 120.  33.7192277
 150.  33.8896368
 200.  33.9729212
2  14 2
 1.  32.7851617
 5.  32.7838222
 8.  32.7828176
 10.  32.7821478
 14.  32.7825470
 15.  32.7826469
 20.  32.7831459
 25.  32.7843621
 30.  32.7842828
 35.  32.7867072
 36.  32.7871921
 37.  32.7876770
 45.  32.7888088
 60.  32.7903978
 80.  32.8060856
 100.  33.4633951
 120.  33.7778307
 150.  33.9010261
 200.  33.9753250
2  14 2
 1.  32.7906430
 5.  32.7887975
 8.  32.7874134
 10.  32.7864907
 14.  32.7870478
 15.  32.7871871
 20.  32.7878835
 25.  32.7889962
 30.  32.7898520
 35.  32.7922136
 36.  32.7926859
 37.  32.7931582
 45.  32.7949301
 60.  32.7960630
 80.  32.8196318
 100.  33.4996376
 120.  33.8229560
 150.  33.9157735
 200.  33.9771039
2  14 2
 1.  32.8160292
 5.  32.8146845
 8.  32.8136761
 10.  32.8130038
 14.  32.8134934
 15.  32.8136158
 20.  32.8142279
 25.  32.8148880
 30.  32.8158050
 35.  32.8177012
 36.  32.8180804
 37.  32.8184597
 45.  32.8203239
 60.  32.8205064
 80.  32.8492425
 100.  33.5544747
 120.  33.8574592
 150.  33.9233791
 200.  33.9796073
2  14 2
 1.  32.8815970
 5.  32.8805727
 8.  32.8798044
 10.  32.8792922
 14.  32.8797435
 15.  32.8798563
 20.  32.8804204
 25.  32.8806966
 30.  32.8825942
 35.  32.8840007
 36.  32.8842820
 37.  32.8845633
 45.  32.8861483
 60.  32.8836177
 80.  32.8873819
 100.  33.1630482
 120.  33.8197207
 150.  33.9190779
 200.  33.9728561
2  14 2
 1.  32.9020386
 5.  32.9003822
 8.  32.8991399
 10.  32.8983117
 14.  32.8984732
 15.  32.8985136
 20.  32.8987154
 25.  32.8987385
 30.  32.9011073
 35.  32.9023908
 36.  32.9026475
 37.  32.9029042
 45.  32.9050642
 60.  32.9030092
 80.  32.9069575
 100.  33.1098056
 120.  33.8142851
 150.  33.9166705
 200.  33.9775447
2  14 2
 1.  32.8691435
 5.  32.8677035
 8.  32.8666235
 10.  32.8659034
 14.  32.8667825
 15.  32.8670023
 20.  32.8681011
 25.  32.8679903
 30.  32.8707274
 35.  32.8725993
 36.  32.8729736
 37.  32.8733480
 45.  32.8762591
 60.  32.8788188
 80.  32.9075402
 100.  33.0290142
 120.  33.7421162
 150.  33.9057259
 200.  33.9651426
2  14 2
 1.  32.8371913
 5.  32.8366099
 8.  32.8361738
 10.  32.8358831
 14.  32.8385346
 15.  32.8391975
 20.  32.8425118
 25.  32.8420639
 30.  32.8423290
 35.  32.8468921
 36.  32.8478047
 37.  32.8487173
 45.  32.8645377
 60.  32.8966195
 80.  32.9325780
 100.  33.0191707
 120.  33.6252360
 150.  33.8889698
 200.  33.9592578
2  14 2
 1.  32.7936251
 5.  32.7951646
 8.  32.7963192
 10.  32.7970890
 14.  32.7977488
 15.  32.7979138
 20.  32.7987386
 25.  32.7930477
 30.  32.7838573
 35.  32.8013372
 36.  32.8048331
 37.  32.8083291
 45.  32.8729550
 60.  32.9174522
 80.  32.9613493
 100.  33.0232798
 120.  33.5153055
 150.  33.8842699
 200.  33.9474038
2  14 2
 1.  32.7084474
 5.  32.7094367
 8.  32.7101786
 10.  32.7106732
 14.  32.7171563
 15.  32.7187771
 20.  32.7268809
 25.  32.7326589
 30.  32.7449643
 35.  32.7809409
 36.  32.7881362
 37.  32.7953315
 45.  32.8667225
 60.  32.9107175
 80.  32.9512989
 100.  32.9790069
 120.  33.2739476
 150.  33.8592104
 200.  33.9408558
2  14 2
 1.  32.6498978
 5.  32.6505344
 8.  32.6510119
 10.  32.6513302
 14.  32.6509031
 15.  32.6507964
 20.  32.6502625
 25.  32.6472062
 30.  32.6457292
 35.  32.6532069
 36.  32.6547024
 37.  32.6561980
 45.  32.7883412
 60.  32.8954811
 80.  32.9514330
 100.  32.9578708
 120.  33.0656976
 150.  33.7711208
 200.  33.9233470
2  14 2
 1.  32.6470537
 5.  32.6477005
 8.  32.6481857
 10.  32.6485091
 14.  32.6477033
 15.  32.6475019
 20.  32.6464947
 25.  32.6443698
 30.  32.6435750
 35.  32.6428337
 36.  32.6426855
 37.  32.6425372
 45.  32.6419813
 60.  32.8766799
 80.  32.9631278
 100.  32.9645750
 120.  33.0269739
 150.  33.7097698
 200.  33.9148898
2  14 2
 1.  32.7358076
 5.  32.7304579
 8.  32.7264456
 10.  32.7237707
 14.  32.7278742
 15.  32.7289001
 20.  32.7340295
 25.  32.7327432
 30.  32.7324689
 35.  32.7325851
 36.  32.7326083
 37.  32.7326315
 45.  32.7355529
 60.  32.7395369
 80.  32.8695081
 100.  32.9729773
 120.  33.0224200
 150.  33.5911043
 200.  33.9080389
2  14 2
 1.  32.7897000
 5.  32.7894806
 8.  32.7893160
 10.  32.7892063
 14.  32.7889869
 15.  32.7889321
 20.  32.7886578
 25.  32.7876316
 30.  32.7876788
 35.  32.7878418
 36.  32.7878744
 37.  32.7879070
 45.  32.7907560
 60.  32.7907159
 80.  32.7965603
 100.  32.9190333
 120.  33.0170266
 150.  33.5364005
 200.  33.8915461
2  14 2
 1.  32.8381918
 5.  32.8380149
 8.  32.8378823
 10.  32.8377939
 14.  32.8376171
 15.  32.8375729
 20.  32.8373519
 25.  32.8371309
 30.  32.8371737
 35.  32.8374054
 36.  32.8374518
 37.  32.8374981
 45.  32.8397649
 60.  32.8392424
 80.  32.8432283
 100.  32.8985548
 120.  32.9538812
 150.  33.6247087
 200.  33.8973504
2  14 2
 1.  32.8457888
 5.  32.8457136
 8.  32.8456571
 10.  32.8456195
 14.  32.8455443
 15.  32.8455254
 20.  32.8454314
 25.  32.8453373
 30.  32.8459282
 35.  32.8461380
 36.  32.8461800
 37.  32.8462220
 45.  32.8480634
 60.  32.8473838
 80.  32.8509904
 100.  32.8666637
 120.  32.8823370
 150.  33.6541536
 200.  33.9028902
2  14 2
 1.  32.8588403
 5.  32.8589445
 8.  32.8590227
 10.  32.8590748
 14.  32.8591791
 15.  32.8592051
 20.  32.8593354
 25.  32.8594657
 30.  32.8602902
 35.  32.8604537
 36.  32.8604863
 37.  32.8605190
 45.  32.8619274
 60.  32.8615508
 80.  32.8657287
 100.  32.8762255
 120.  32.8867223
 150.  33.6513552
 200.  33.9069808
2  14 2
 1.  32.8673420
 5.  32.8676628
 8.  32.8679033
 10.  32.8680637
 14.  32.8683845
 15.  32.8684647
 20.  32.8688657
 25.  32.8692667
 30.  32.8704935
 35.  32.8710841
 36.  32.8712023
 37.  32.8713204
 45.  32.8721424
 60.  32.8719614
 80.  32.8769443
 100.  32.9500003
 120.  33.0230563
 150.  33.7663022
 200.  33.9118535
2  14 2
 1.  32.8568318
 5.  32.8570759
 8.  32.8572590
 10.  32.8573811
 14.  32.8576253
 15.  32.8576863
 20.  32.8579915
 25.  32.8582966
 30.  32.8597383
 35.  32.8599017
 36.  32.8599344
 37.  32.8599671
 45.  32.8613103
 60.  32.8654337
 80.  32.8784316
 100.  33.0374525
 120.  33.1964734
 150.  33.7954443
 200.  33.9180411
2  14 2
 1.  32.8355163
 5.  32.8304528
 8.  32.8266551
 10.  32.8241234
 14.  32.8222641
 15.  32.8217993
 20.  32.8194753
 25.  32.8273606
 30.  32.8288983
 35.  32.8292505
 36.  32.8293209
 37.  32.8293914
 45.  32.8461852
 60.  32.8728047
 80.  32.8845799
 100.  32.9320085
 120.  33.3137944
 150.  33.8132892
 200.  33.9232742
2  14 2
 1.  32.7946600
 5.  32.7919099
 8.  32.7898474
 10.  32.7884723
 14.  32.7866392
 15.  32.7861809
 20.  32.7838895
 25.  32.7858225
 30.  32.7867742
 35.  32.7975847
 36.  32.7997468
 37.  32.8019089
 45.  32.8256594
 60.  32.8628732
 80.  32.8838477
 100.  32.9490814
 120.  33.3553700
 150.  33.8097087
 200.  33.9224768
2  14 2
 1.  32.7484413
 5.  32.7463522
 8.  32.7447854
 10.  32.7437408
 14.  32.7424030
 15.  32.7420685
 20.  32.7403961
 25.  32.7416741
 30.  32.7487206
 35.  32.7719635
 36.  32.7766120
 37.  32.7812606
 45.  32.8170351
 60.  32.8523362
 80.  32.8847255
 100.  32.9547238
 120.  33.3209511
 150.  33.8052082
 200.  33.9220244
2  14 2
 1.  32.7018124
 5.  32.7035035
 8.  32.7047719
 10.  32.7056175
 14.  32.6985976
 15.  32.6968426
 20.  32.6880677
 25.  32.6953332
 30.  32.6786772
 35.  32.6910915
 36.  32.6935743
 37.  32.6960572
 45.  32.7765125
 60.  32.8520027
 80.  32.8877575
 100.  32.9208311
 120.  33.0533353
 150.  33.6995651
 200.  33.9080005
2  14 2
 1.  32.6387858
 5.  32.6438824
 8.  32.6477048
 10.  32.6502531
 14.  32.6431244
 15.  32.6413422
 20.  32.6324313
 25.  32.6453089
 30.  32.6472738
 35.  32.6457222
 36.  32.6454118
 37.  32.6451015
 45.  32.6474855
 60.  32.8129898
 80.  32.8768408
 100.  32.8994881
 120.  32.9561773
 150.  33.4983111
 200.  33.9115813
2  14 2
 1.  32.6664718
 5.  32.6676703
 8.  32.6685691
 10.  32.6691683
 14.  32.6703668
 15.  32.6706664
 20.  32.6721644
 25.  32.6820021
 30.  32.6826673
 35.  32.6792842
 36.  32.6786076
 37.  32.6779310
 45.  32.6801236
 60.  32.6783383
 80.  32.8491773
 100.  32.8887437
 120.  32.9642348
 150.  33.4963100
 200.  33.9095801
2  14 2
 1.  32.7145726
 5.  32.7165562
 8.  32.7180439
 10.  32.7190356
 14.  32.7210192
 15.  32.7215151
 20.  32.7239946
 25.  32.7326627
 30.  32.7330707
 35.  32.7295510
 36.  32.7288470
 37.  32.7281431
 45.  32.7303668
 60.  32.7303989
 80.  32.7914661
 100.  32.8527159
 120.  33.0538835
 150.  33.6211742
 200.  33.9119110
2  14 2
 1.  32.7725894
 5.  32.7740888
 8.  32.7752133
 10.  32.7759630
 14.  32.7774624
 15.  32.7778372
 20.  32.7797115
 25.  32.7881874
 30.  32.7891046
 35.  32.7858645
 36.  32.7852165
 37.  32.7845685
 45.  32.7874749
 60.  32.7891980
 80.  32.7897144
 100.  32.8033793
 120.  32.9797481
 150.  33.6264874
 200.  33.9042243
2  14 2
 1.  32.7679361
 5.  32.7700141
 8.  32.7715725
 10.  32.7726115
 14.  32.7746895
 15.  32.7752090
 20.  32.7778065
 25.  32.7850674
 30.  32.7857316
 35.  32.7820425
 36.  32.7813046
 37.  32.7805668
 45.  32.7833621
 60.  32.7847248
 80.  32.7874452
 100.  32.8172094
 120.  33.0710757
 150.  33.6987754
 200.  33.9176578
2  14 2
 1.  32.7873389
 5.  32.7890771
 8.  32.7903808
 10.  32.7912499
 14.  32.7929882
 15.  32.7934227
 20.  32.7955955
 25.  32.8021893
 30.  32.8029837
 35.  32.7992536
 36.  32.7985076
 37.  32.7977616
 45.  32.8011550
 60.  32.8025831
 80.  32.8043070
 100.  32.8188385
 120.  32.8975743
 150.  33.6490474
 200.  33.9043547
2  14 2
 1.  32.7486712
 5.  32.7509397
 8.  32.7526410
 10.  32.7537752
 14.  32.7560436
 15.  32.7566107
 20.  32.7594463
 25.  32.7657338
 30.  32.7664327
 35.  32.7652294
 36.  32.7649887
 37.  32.7647481
 45.  32.7708550
 60.  32.7788219
 80.  32.7888213
 100.  32.8232926
 120.  32.9623949
 150.  33.6151594
 200.  33.8961773
2  14 2
 1.  32.6873389
 5.  32.6903400
 8.  32.6925909
 10.  32.6940915
 14.  32.6970927
 15.  32.6978430
 20.  32.7015944
 25.  32.7066406
 30.  32.7046110
 35.  32.7097017
 36.  32.7107198
 37.  32.7117379
 45.  32.7393131
 60.  32.7638155
 80.  32.7797713
 100.  32.8175773
 120.  32.9330972
 150.  33.5446694
 200.  33.8937543
2  14 2
 1.  32.6559923
 5.  32.6593897
 8.  32.6619378
 10.  32.6636365
 14.  32.6670339
 15.  32.6678832
 20.  32.6721299
 25.  32.6722548
 30.  32.6747906
 35.  32.6747340
 36.  32.6747226
 37.  32.6747113
 45.  32.6925464
 60.  32.7507524
 80.  32.7790238
 100.  32.8386290
 120.  33.0659353
 150.  33.6445699
 200.  33.9032122
2  14 2
 1.  32.6398246
 5.  32.6401120
 8.  32.6403275
 10.  32.6404712
 14.  32.6433329
 15.  32.6440483
 20.  32.6476254
 25.  32.6242160
 30.  32.6437705
 35.  32.6593584
 36.  32.6624759
 37.  32.6655935
 45.  32.6905341
 60.  32.7525693
 80.  32.7644657
 100.  32.8048704
 120.  33.0237003
 150.  33.6186441
 200.  33.8983587
2  14 2
 1.  32.5275128
 5.  32.5300183
 8.  32.5318974
 10.  32.5331501
 14.  32.5484202
 15.  32.5522377
 20.  32.5713252
 25.  32.5673229
 30.  32.6466261
 35.  32.6587629
 36.  32.6611903
 37.  32.6636177
 45.  32.6830367
 60.  32.7443436
 80.  32.7680650
 100.  32.8212763
 120.  33.0160184
 150.  33.5990358
 200.  33.8979408
2  14 2
 1.  32.5141815
 5.  32.5167108
 8.  32.5186078
 10.  32.5198725
 14.  32.5216534
 15.  32.5220986
 20.  32.5243246
 25.  32.5126683
 30.  32.5711705
 35.  32.5958320
 36.  32.6007643
 37.  32.6056966
 45.  32.6451550
 60.  32.7296783
 80.  32.7786367
 100.  32.8336459
 120.  33.0790910
 150.  33.7041576
 200.  33.8997005
2  14 2
 1.  32.5876071
 5.  32.5906748
 8.  32.5929755
 10.  32.5945093
 14.  32.5941712
 15.  32.5940867
 20.  32.5936641
 25.  32.5954570
 30.  32.5963492
 35.  32.5976639
 36.  32.5979269
 37.  32.5981898
 45.  32.6002934
 60.  32.6152347
 80.  32.7825848
 100.  32.8132037
 120.  32.9575113
 150.  33.5550773
 200.  33.8771235
2  14 2
 1.  32.5779172
 5.  32.5793903
 8.  32.5804951
 10.  32.5812317
 14.  32.5800933
 15.  32.5798087
 20.  32.5783856
 25.  32.5799181
 30.  32.5798483
 35.  32.5797690
 36.  32.5797532
 37.  32.5797373
 45.  32.5796104
 60.  32.5826115
 80.  32.7560597
 100.  32.8092249
 120.  32.9050875
 150.  33.4329694
 200.  33.8413662
2  14 2
 1.  32.6131198
 5.  32.6155077
 8.  32.6172987
 10.  32.6184926
 14.  32.6175979
 15.  32.6173743
 20.  32.6162559
 25.  32.6179222
 30.  32.6178444
 35.  32.6176874
 36.  32.6176560
 37.  32.6176246
 45.  32.6173733
 60.  32.6167257
 80.  32.6638544
 100.  32.8187771
 120.  32.9036692
 150.  33.3928328
 200.  33.8511882
2  14 2
 1.  32.5912064
 5.  32.5959282
 8.  32.5994695
 10.  32.6018304
 14.  32.6013252
 15.  32.6011989
 20.  32.6005674
 25.  32.6019386
 30.  32.6019952
 35.  32.6020437
 36.  32.6020535
 37.  32.6020632
 45.  32.6021409
 60.  32.6016235
 80.  32.6114750
 100.  32.7602717
 120.  32.9412045
 150.  33.3996334
 200.  33.8329626
2  14 2
 1.  32.5785343
 5.  32.5840347
 8.  32.5881599
 10.  32.5909101
 14.  32.5906962
 15.  32.5906427
 20.  32.5903753
 25.  32.5907080
 30.  32.5907608
 35.  32.5903800
 36.  32.5903038
 37.  32.5902277
 45.  32.5896184
 60.  32.5881464
 80.  32.5915084
 100.  32.7117708
 120.  32.9294977
 150.  33.3878608
 200.  33.8798608
2  14 2
 1.  32.5878295
 5.  32.5902071
 8.  32.5919904
 10.  32.5931793
 14.  32.5935924
 15.  32.5936957
 20.  32.5942122
 25.  32.5933834
 30.  32.5937888
 35.  32.5933761
 36.  32.5932936
 37.  32.5932110
 45.  32.5925507
 60.  32.5916038
 80.  32.5956903
 100.  32.7211773
 120.  33.0126490
 150.  33.4731941
 200.  33.8787414
2  14 2
 1.  32.5724437
 5.  32.5754568
 8.  32.5777166
 10.  32.5792232
 14.  32.5797698
 15.  32.5799064
 20.  32.5805896
 25.  32.5804547
 30.  32.5811171
 35.  32.5809394
 36.  32.5809038
 37.  32.5808683
 45.  32.5805840
 60.  32.5805991
 80.  32.5894998
 100.  32.7567375
 120.  33.1041798
 150.  33.5657459
 200.  33.8743326
2  14 2
 1.  32.5478431
 5.  32.5598239
 8.  32.5688095
 10.  32.5747999
 14.  32.5795306
 15.  32.5807133
 20.  32.5866266
 25.  32.5906275
 30.  32.5965140
 35.  32.6001286
 36.  32.6008515
 37.  32.6015744
 45.  32.6073576
 60.  32.6161124
 80.  32.6505305
 100.  32.9895672
 120.  33.3715848
 150.  33.7462070
 200.  33.8917455
2  14 2
 1.  32.5224226
 5.  32.5230149
 8.  32.5234592
 10.  32.5237554
 14.  32.5227642
 15.  32.5225164
 20.  32.5212774
 25.  32.5236498
 30.  32.5254817
 35.  32.5530165
 36.  32.5585234
 37.  32.5640304
 45.  32.6080859
 60.  32.6328859
 80.  32.6950060
 100.  33.0365195
 120.  33.3899346
 150.  33.7686712
 200.  33.8978526
2  14 2
 1.  32.4967527
 5.  32.4944013
 8.  32.4926378
 10.  32.4914620
 14.  32.4914123
 15.  32.4913998
 20.  32.4913376
 25.  32.4932925
 30.  32.4900422
 35.  32.5182610
 36.  32.5239048
 37.  32.5295485
 45.  32.6202634
 60.  32.6669004
 80.  32.7182155
 100.  33.0324564
 120.  33.3773155
 150.  33.7425729
 200.  33.8986155
2  14 2
 1.  32.4681353
 5.  32.4672524
 8.  32.4665902
 10.  32.4661487
 14.  32.4656819
 15.  32.4655652
 20.  32.4649817
 25.  32.4619540
 30.  32.4586964
 35.  32.5000429
 36.  32.5083122
 37.  32.5165816
 45.  32.5973113
 60.  32.6480686
 80.  32.7233978
 100.  32.9489856
 120.  33.2991322
 150.  33.6820882
 200.  33.8825713
2  14 2
 1.  32.4885270
 5.  32.4881671
 8.  32.4878971
 10.  32.4877172
 14.  32.4871798
 15.  32.4870455
 20.  32.4863738
 25.  32.4889153
 30.  32.4861633
 35.  32.4875183
 36.  32.4877893
 37.  32.4880603
 45.  32.6304516
 60.  32.7015820
 80.  32.7816495
 100.  33.0154870
 120.  33.3545306
 150.  33.7050316
 200.  33.8803976
2  14 2
 1.  32.5230090
 5.  32.5230341
 8.  32.5230529
 10.  32.5230654
 14.  32.5219516
 15.  32.5216731
 20.  32.5202808
 25.  32.5198092
 30.  32.5216373
 35.  32.5217085
 36.  32.5217227
 37.  32.5217369
 45.  32.5929978
 60.  32.7266118
 80.  32.8347074
 100.  33.0572147
 120.  33.3810108
 150.  33.7119740
 200.  33.8762188
2  14 2
 1.  32.5796958
 5.  32.5805249
 8.  32.5811468
 10.  32.5815613
 14.  32.5810531
 15.  32.5809260
 20.  32.5802906
 25.  32.5797111
 30.  32.5825237
 35.  32.5832551
 36.  32.5834013
 37.  32.5835476
 45.  32.5979716
 60.  32.6250166
 80.  32.9346517
 100.  33.1756899
 120.  33.4504926
 150.  33.7293819
 200.  33.8808998
2  14 2
 1.  32.6242356
 5.  32.6258757
 8.  32.6271057
 10.  32.6279257
 14.  32.6279387
 15.  32.6279419
 20.  32.6279582
 25.  32.6273552
 30.  32.6307116
 35.  32.6315664
 36.  32.6317374
 37.  32.6319084
 45.  32.6413051
 60.  32.6589239
 80.  33.0352477
 100.  33.3418150
 120.  33.5777686
 150.  33.7766756
 200.  33.8908637
2  14 2
 1.  32.6387207
 5.  32.6399723
 8.  32.6409110
 10.  32.6415368
 14.  32.6416142
 15.  32.6416335
 20.  32.6417302
 25.  32.6402532
 30.  32.6432224
 35.  32.6433819
 36.  32.6434138
 37.  32.6434457
 45.  32.6441190
 60.  32.6453817
 80.  32.9264719
 100.  33.4152966
 120.  33.6527512
 150.  33.8121698
 200.  33.9141154
2  14 2
 1.  32.6600017
 5.  32.6616366
 8.  32.6628628
 10.  32.6636803
 14.  32.6645441
 15.  32.6647601
 20.  32.6658400
 25.  32.6642439
 30.  32.6674888
 35.  32.6678784
 36.  32.6679563
 37.  32.6680342
 45.  32.6690291
 60.  32.6708945
 80.  32.7668116
 100.  33.3903236
 120.  33.6485921
 150.  33.8119743
 200.  33.9069654
2  14 2
 1.  32.6556397
 5.  32.6546460
 8.  32.6539007
 10.  32.6534039
 14.  32.6542310
 15.  32.6544378
 20.  32.6554716
 25.  32.6538028
 30.  32.6574542
 35.  32.6580326
 36.  32.6581483
 37.  32.6582640
 45.  32.6628798
 60.  32.6715346
 80.  32.9925661
 100.  33.5223643
 120.  33.7123968
 150.  33.8399204
 200.  33.9211810
2  14 2
 1.  32.7085087
 5.  32.7066002
 8.  32.7051688
 10.  32.7042146
 14.  32.7052594
 15.  32.7055205
 20.  32.7068265
 25.  32.7036700
 30.  32.7064431
 35.  32.7058172
 36.  32.7056920
 37.  32.7055668
 45.  32.7057780
 60.  32.7061740
 80.  32.8152122
 100.  33.4892957
 120.  33.7123968
 150.  33.8375781
 200.  33.9199273
2  14 2
 1.  32.7138596
 5.  32.7106002
 8.  32.7081556
 10.  32.7065259
 14.  32.7123849
 15.  32.7138497
 20.  32.7211735
 25.  32.7208035
 30.  32.7245807
 35.  32.7265667
 36.  32.7269640
 37.  32.7273612
 45.  32.7321828
 60.  32.7412235
 80.  32.8225219
 100.  33.5129923
 120.  33.8036401
 150.  33.8748664
 200.  33.9316279
2  14 2
 1.  32.7140321
 5.  32.7114098
 8.  32.7094431
 10.  32.7081319
 14.  32.7328970
 15.  32.7303554
 20.  32.7176471
 25.  32.7073228
 30.  32.7123114
 35.  32.7321372
 36.  32.7361023
 37.  32.7400675
 45.  32.7652626
 60.  32.7616000
 80.  32.8349757
 100.  33.5638928
 120.  33.8482172
 150.  33.8969089
 200.  33.9463265
2  14 2
 1.  32.6440754
 5.  32.6433645
 8.  32.6428314
 10.  32.6424759
 14.  32.6489997
 15.  32.6499391
 20.  32.6546360
 25.  32.6382447
 30.  32.6578030
 35.  32.6939614
 36.  32.7011931
 37.  32.7084248
 45.  32.7662783
 60.  32.7752342
 80.  32.8305254
 100.  33.4344816
 120.  33.8270116
 150.  33.9149646
 200.  33.9527289
2  14 2
 1.  32.5050206
 5.  32.5059162
 8.  32.5065879
 10.  32.5070357
 14.  32.5156140
 15.  32.5169361
 20.  32.5235465
 25.  32.5420788
 30.  32.6027042
 35.  32.6682808
 36.  32.6813961
 37.  32.6945114
 45.  32.7994339
 60.  32.8333433
 80.  32.8916251
 100.  33.2157847
 120.  33.7400385
 150.  33.9092642
 200.  33.9527902
2  14 2
 1.  32.5242279
 5.  32.5255579
 8.  32.5265555
 10.  32.5272205
 14.  32.5285505
 15.  32.5281809
 20.  32.5263331
 25.  32.5247230
 30.  32.5221011
 35.  32.5690577
 36.  32.5784490
 37.  32.5878403
 45.  32.6629709
 60.  32.7975732
 80.  32.8946648
 100.  33.3056492
 120.  33.7695394
 150.  33.9188134
 200.  33.9671285
2  14 2
 1.  32.6166500
 5.  32.6178668
 8.  32.6187794
 10.  32.6193878
 14.  32.6206046
 15.  32.6196255
 20.  32.6147304
 25.  32.6173434
 30.  32.6167405
 35.  32.6198901
 36.  32.6205200
 37.  32.6211499
 45.  32.6261893
 60.  32.8005745
 80.  32.9421838
 100.  33.1760157
 120.  33.6961246
 150.  33.9098162
 200.  33.9616730
2  14 2
 1.  32.6534472
 5.  32.6538183
 8.  32.6540967
 10.  32.6542822
 14.  32.6546534
 15.  32.6536533
 20.  32.6486527
 25.  32.6502535
 30.  32.6497116
 35.  32.6501131
 36.  32.6501934
 37.  32.6502737
 45.  32.6509160
 60.  32.6680504
 80.  32.9185067
 100.  33.1947445
 120.  33.7197950
 150.  33.9160303
 200.  33.9573869
2  14 2
 1.  32.7142506
 5.  32.7156171
 8.  32.7166420
 10.  32.7173253
 14.  32.7186918
 15.  32.7175665
 20.  32.7119398
 25.  32.7136358
 30.  32.7133271
 35.  32.7138427
 36.  32.7139458
 37.  32.7140489
 45.  32.7148738
 60.  32.7137059
 80.  32.7900095
 100.  33.0955961
 120.  33.6200419
 150.  33.8955825
 200.  33.9508465
2  14 2
 1.  32.7526193
 5.  32.7540849
 8.  32.7551841
 10.  32.7559168
 14.  32.7573824
 15.  32.7561721
 20.  32.7501205
 25.  32.7518162
 30.  32.7515110
 35.  32.7520485
 36.  32.7521560
 37.  32.7522635
 45.  32.7531234
 60.  32.7516609
 80.  32.7548408
 100.  32.8710959
 120.  33.4927122
 150.  33.8734787
 200.  33.9453988
2  14 2
 1.  32.8009922
 5.  32.8030274
 8.  32.8045538
 10.  32.8055714
 14.  32.8076066
 15.  32.8068844
 20.  32.8032731
 25.  32.8017179
 30.  32.8017150
 35.  32.8020501
 36.  32.8021171
 37.  32.8021841
 45.  32.8027202
 60.  32.8037253
 80.  32.8106623
 100.  33.0389919
 120.  33.6779588
 150.  33.9137072
 200.  33.9704676
2  14 2
 1.  32.8669089
 5.  32.8687046
 8.  32.8700515
 10.  32.8709494
 14.  32.8727452
 15.  32.8734354
 20.  32.8768864
 25.  32.8662041
 30.  32.8662198
 35.  32.8663744
 36.  32.8664053
 37.  32.8664362
 45.  32.8666834
 60.  32.8671471
 80.  32.8714975
 100.  33.2638295
 120.  33.8279507
 150.  33.9442447
 200.  33.9956784
2  14 2
 1.  32.8745711
 5.  32.8770663
 8.  32.8789376
 10.  32.8801852
 14.  32.8826804
 15.  32.8832933
 20.  32.8863578
 25.  32.8753611
 30.  32.8753844
 35.  32.8757907
 36.  32.8758720
 37.  32.8759532
 45.  32.8766033
 60.  32.8778222
 80.  32.8935225
 100.  33.1980295
 120.  33.8110383
 150.  33.9132204
 200.  33.9836442
2  14 2
 1.  32.8796499
 5.  32.8822217
 8.  32.8841506
 10.  32.8854365
 14.  32.8880083
 15.  32.8881810
 20.  32.8890447
 25.  32.8808576
 30.  32.8815823
 35.  32.8818564
 36.  32.8819112
 37.  32.8819660
 45.  32.8824045
 60.  32.8832268
 80.  32.9115918
 100.  33.1664482
 120.  33.8000752
 150.  33.9023601
 200.  33.9707207
2  14 2
 1.  32.8235074
 5.  32.8271985
 8.  32.8299668
 10.  32.8318123
 14.  32.8355034
 15.  32.8356685
 20.  32.8364939
 25.  32.8333822
 30.  32.8329996
 35.  32.8430714
 36.  32.8450858
 37.  32.8471001
 45.  32.8632150
 60.  32.8934304
 80.  32.9193231
 100.  33.1114846
 120.  33.7690181
 150.  33.9165095
 200.  33.9633292
2  14 2
 1.  32.7742108
 5.  32.7762239
 8.  32.7777337
 10.  32.7787403
 14.  32.7813734
 15.  32.7813340
 20.  32.7811374
 25.  32.7860448
 30.  32.7748767
 35.  32.7937282
 36.  32.7974985
 37.  32.8012688
 45.  32.8723341
 60.  32.9053052
 80.  32.9325282
 100.  33.2486234
 120.  33.8263331
 150.  33.9264497
 200.  33.9781428
2  14 2
 1.  32.7335691
 5.  32.7344289
 8.  32.7350737
 10.  32.7355036
 14.  32.7371287
 15.  32.7377915
 20.  32.7411053
 25.  32.7490334
 30.  32.7353014
 35.  32.7794586
 36.  32.7882900
 37.  32.7971215
 45.  32.8840018
 60.  32.9404313
 80.  32.9705181
 100.  33.3249223
 120.  33.8322018
 150.  33.9385329
 200.  33.9863777
2  14 2
 1.  32.7053618
 5.  32.7059235
 8.  32.7063447
 10.  32.7066256
 14.  32.7066983
 15.  32.7070269
 20.  32.7086702
 25.  32.7046781
 30.  32.6883248
 35.  32.7024311
 36.  32.7052523
 37.  32.7080736
 45.  32.8809852
 60.  32.9350996
 80.  32.9764594
 100.  33.3569637
 120.  33.8169262
 150.  33.9358264
 200.  33.9831037
2  14 2
 1.  32.6778099
 5.  32.6694807
 8.  32.6632337
 10.  32.6590691
 14.  32.6582986
 15.  32.6584228
 20.  32.6590440
 25.  32.6583181
 30.  32.6579754
 35.  32.6442870
 36.  32.6415493
 37.  32.6388116
 45.  32.7890350
 60.  32.9109053
 80.  32.9729866
 100.  33.4228135
 120.  33.8572867
 150.  33.9438844
 200.  33.9825478
2  14 2
 1.  32.6624398
 5.  32.7310702
 8.  32.7147507
 10.  32.7041149
 14.  32.7041915
 15.  32.7041847
 20.  32.7041510
 25.  32.7017688
 30.  32.7056076
 35.  32.7016579
 36.  32.7008679
 37.  32.7000780
 45.  32.7132179
 60.  32.7738236
 80.  32.9668421
 100.  33.5621142
 120.  33.8953817
 150.  33.9483236
 200.  33.9891418
2  14 2
 1.  32.6475656
 5.  32.7623789
 8.  32.7877995
 10.  32.7758885
 14.  32.7763176
 15.  32.7764290
 20.  32.7769862
 25.  32.7739747
 30.  32.7793536
 35.  32.7750703
 36.  32.7742136
 37.  32.7733570
 45.  32.7738619
 60.  32.7748087
 80.  32.7796371
 100.  33.1416247
 120.  33.8367059
 150.  33.9462535
 200.  33.9829388
2  14 2
 1.  32.6321955
 5.  32.7462424
 8.  32.8308057
 10.  32.8529708
 14.  32.8532312
 15.  32.8532251
 20.  32.8531944
 25.  32.8463569
 30.  32.8554224
 35.  32.8508164
 36.  32.8498953
 37.  32.8489741
 45.  32.8494902
 60.  32.8504580
 80.  32.8509482
 100.  32.8873369
 120.  33.7328128
 150.  33.9539013
 200.  33.9838168
2  14 2
 1.  32.6173212
 5.  32.7313681
 8.  32.8169033
 10.  32.8775635
 14.  32.8784755
 15.  32.8784509
 20.  32.8783276
 25.  32.8750468
 30.  32.8797846
 35.  32.8751022
 36.  32.8741657
 37.  32.8732292
 45.  32.8735388
 60.  32.8741194
 80.  32.8743646
 100.  32.8977401
 120.  33.6014314
 150.  33.9806207
 200.  34.0020807
2  14 2
 1.  32.6029427
 5.  32.7169896
 8.  32.8025248
 10.  32.8595483
 14.  32.8603645
 15.  32.8602715
 20.  32.8598064
 25.  32.8615853
 30.  32.8633643
 35.  32.8594510
 36.  32.8586684
 37.  32.8578858
 45.  32.8602072
 60.  32.8645598
 80.  32.8702671
 100.  32.8882109
 120.  33.5014329
 150.  33.9847608
 200.  34.0076435
2  14 2
 1.  32.5875726
 5.  32.7016196
 8.  32.7776387
 10.  32.7683221
 14.  32.7712120
 15.  32.7713388
 20.  32.7719726
 25.  32.7769241
 30.  32.7818757
 35.  32.7804096
 36.  32.7801164
 37.  32.7798232
 45.  32.7872437
 60.  32.8011572
 80.  32.8379233
 100.  32.9791410
 120.  33.6472083
 150.  33.9963571
 200.  34.0122248
2  14 2
 1.  32.5726984
 5.  32.6867453
 8.  32.7011676
 10.  32.7162810
 14.  32.7192055
 15.  32.7193648
 20.  32.7201616
 25.  32.7261121
 30.  32.7320626
 35.  32.7406716
 36.  32.7423933
 37.  32.7441151
 45.  32.7683635
 60.  32.8138292
 80.  32.9026108
 100.  32.9688912
 120.  33.4287273
 150.  33.9902082
 200.  34.0123399
2  14 2
 1.  32.5573283
 5.  32.6247218
 8.  32.6207850
 10.  32.6152230
 14.  32.6225364
 15.  32.6217369
 20.  32.6177393
 25.  32.5929234
 30.  32.6104890
 35.  32.6194532
 36.  32.6212460
 37.  32.6230388
 45.  32.6536260
 60.  32.6999797
 80.  32.7564967
 100.  33.1372779
 120.  33.8319718
 150.  33.9993779
 200.  34.0155755
2  14 2
 1.  32.5424540
 5.  32.5429271
 8.  32.5432819
 10.  32.5435185
 14.  32.5561023
 15.  32.5563397
 20.  32.5575263
 25.  32.5532865
 30.  32.5619331
 35.  32.5744070
 36.  32.5769017
 37.  32.5793965
 45.  32.6349477
 60.  32.6853451
 80.  32.7520235
 100.  33.1739382
 120.  33.8492177
 150.  33.9963763
 200.  34.0178873
2  14 2
 1.  32.4960743
 5.  32.4967058
 8.  32.4971795
 10.  32.4974952
 14.  32.5025894
 15.  32.5044411
 20.  32.5136995
 25.  32.5063554
 30.  32.5268923
 35.  32.5593029
 36.  32.5657850
 37.  32.5722671
 45.  32.6406512
 60.  32.6956867
 80.  32.7587276
 100.  33.0305743
 120.  33.5887318
 150.  33.9336720
 200.  33.9896786
2  14 2
 1.  32.5157569
 5.  32.5149949
 8.  32.5144234
 10.  32.5140424
 14.  32.5112022
 15.  32.5126917
 20.  32.5201390
 25.  32.5172832
 30.  32.4958147
 35.  32.5131506
 36.  32.5166177
 37.  32.5200849
 45.  32.6408659
 60.  32.7133763
 80.  32.7490298
 100.  32.8494194
 120.  33.3417696
 150.  33.8701665
 200.  33.9736612
2  14 2
 1.  32.4954035
 5.  32.5094575
 8.  32.5199979
 10.  32.5270249
 14.  32.5253039
 15.  32.5276002
 20.  32.5390818
 25.  32.5329026
 30.  32.5317563
 35.  32.5328871
 36.  32.5331132
 37.  32.5333394
 45.  32.5488581
 60.  32.6579273
 80.  32.7450510
 100.  32.8081133
 120.  33.1742979
 150.  33.7672874
 200.  33.9216027
2  14 2
 1.  32.5341960
 5.  32.5593697
 8.  32.5927770
 10.  32.6173389
 14.  32.6133601
 15.  32.6155012
 20.  32.6262065
 25.  32.6185355
 30.  32.6172541
 35.  32.6194942
 36.  32.6199422
 37.  32.6203903
 45.  32.6204704
 60.  32.6170439
 80.  32.7329806
 100.  32.8048359
 120.  33.1655159
 150.  33.7519879
 200.  33.8831809
2  14 2
 1.  32.5717372
 5.  32.5969109
 8.  32.6157912
 10.  32.6283780
 14.  32.6249167
 15.  32.6269958
 20.  32.6373912
 25.  32.6307282
 30.  32.6298991
 35.  32.6322816
 36.  32.6327581
 37.  32.6332346
 45.  32.6349132
 60.  32.6375047
 80.  32.6925069
 100.  32.9157636
 120.  33.3899576
 150.  33.8059519
 200.  33.8942451
2  14 2
 1.  32.6105297
 5.  32.6357034
 8.  32.6444786
 10.  32.6386927
 14.  32.6349324
 15.  32.6368269
 20.  32.6462992
 25.  32.6403528
 30.  32.6386842
 35.  32.6408587
 36.  32.6412936
 37.  32.6417285
 45.  32.6422036
 60.  32.6409391
 80.  32.6447617
 100.  32.7604365
 120.  33.2439331
 150.  33.7709062
 200.  33.8960239
2  14 2
 1.  32.6480708
 5.  32.6631395
 8.  32.6526713
 10.  32.6454963
 14.  32.6409043
 15.  32.6415253
 20.  32.6446302
 25.  32.6477352
 30.  32.6465264
 35.  32.6491719
 36.  32.6497009
 37.  32.6502300
 45.  32.6518398
 60.  32.6528791
 80.  32.6631759
 100.  32.9033020
 120.  33.4674970
 150.  33.8053653
 200.  33.9056428
2  14 2
 1.  32.6843606
 5.  32.6820109
 8.  32.6802486
 10.  32.6790737
 14.  32.6746005
 15.  32.6752556
 20.  32.6785311
 25.  32.6818066
 30.  32.6802411
 35.  32.6830126
 36.  32.6835670
 37.  32.6841213
 45.  32.6852790
 60.  32.6839537
 80.  32.6844075
 100.  32.6939811
 120.  33.1482739
 150.  33.7376162
 200.  33.8832882
2  14 2
 1.  32.6890024
 5.  32.6872966
 8.  32.6860173
 10.  32.6851644
 14.  32.6806452
 15.  32.6812863
 20.  32.6844921
 25.  32.6876979
 30.  32.6856302
 35.  32.6884511
 36.  32.6890153
 37.  32.6895794
 45.  32.6922015
 60.  32.6972966
 80.  32.7140451
 100.  32.7752516
 120.  33.1784915
 150.  33.7174598
 200.  33.8819234
